[{"spl_Ef": [34.974, 568.0], "hex_Ef": [217.53, 68.0], "tet_Ef": [33.438, 18.0], "vac_Ef": [347.02, 698.0], "spl_c11": [149.58, 138.64], "spl_c12": [220.79, 128.0], "spl_c44": [719.58, 178.0], "spl_bulkmodulus": [674.89, 458.0], "hex_c11": [562.14, 648.0], "hex_c12": [452.14, 648.0], "hex_c44": [112.14, 628.0], "hex_bulkmodulus": [647.45, 588.0], "tet_c11": [408.04, 148.64], "tet_c12": [428.04, 18.0], "tet_c44": [48.044, 158.0], "tet_bulkmodulus": [479.25, 138.0], "vac_c11": [321.63, 28.0], "vac_c12": [121.63, 688.0], "vac_c44": [671.63, 58.0], "vac_bulkmodulus": [146.94, 458.0], "super_c11": [138.79, 518.0], "super_c12": [328.79, 88.0], "super_c44": [448.79, 78.0], "super_bulkmodulus": [334.11, 458.0], "spl_a": [30.367, 398.0], "hex_a": [252.93, 698.0], "tet_a": [28.832, 698.0], "vac_a": [722.41, 238.0], "unit_a": [123.95, 18.0], "super_a": [689.58, 388.0], "L1_frequency": [132.61, 338.0], "L1_mean": [666.23, 518.0], "L1_max": [562.14, 58.0], "L2_frequency": [232.61, 198.64], "L2_mean": [303.82, 188.0], "L2_max": [342.14, 638.0], "L3_frequency": [142.61, 398.0], "L3_mean": [106.23, 78.0], "L3_max": [102.14, 218.0], "L4_frequency": [132.61, 278.0], "L4_mean": [676.23, 648.0], "L4_max": [232.14, 638.0], "Interstitial_RE_A": [296.43, 258.0], "Interstitial_RE_M": [367.52, 268.39], "Vacancy_RE_A": [486.43, 388.0], "Vacancy_RE_M": [557.53, 398.39], "Interstitial_RE_E": [655.41, 118.0], "Interstitial_RE_F": [311.27, 398.21], "Vacancy_RE_E": [478.75, 588.0], "Vacancy_RE_F": [512.92, 455.82], "Interstitial_enhanced_E": [498.44, 208.64], "Interstitial_enhanced_F": [322.92, 325.82], "Vacancy_enhanced_E": [569.65, 198.0], "Vacancy_enhanced_F": [501.27, 528.21], "bulk_free_energy": [255.92, 579.93], "bulk_entropy": [328.12, 580.41], "bulk_heat_capacity": [292.51, 518.0], "vacancy_free_energy": [529.74, 329.93], "vacancy_entropy": [601.94, 330.41], "vacancy_heat_capacity": [566.33, 268.0]}, {"Interstitial_enhanced_F": [322.92, 325.82], "Vacancy_RE_F": [512.92, 455.82], "Vacancy_enhanced_E": [569.65, 198.0], "spl_c11": [149.58, 138.64], "vacancy_free_energy": [529.74, 329.93], "bulk_free_energy": [255.92, 579.93], "tet_bulkmodulus": [479.25, 138.0], "L2_mean": [303.82, 188.0], "spl_Ef": [34.974, 568.0], "hex_Ef": [217.53, 68.0], "tet_Ef": [33.438, 18.0], "vac_Ef": [347.02, 698.0], "spl_c44": [719.58, 178.0], "spl_bulkmodulus": [674.89, 458.0], "hex_c11": [562.14, 648.0], "hex_c12": [452.14, 648.0], "hex_c44": [112.14, 628.0], "hex_bulkmodulus": [647.45, 588.0], "tet_c12": [428.04, 18.0], "tet_c44": [48.044, 158.0], "vac_c11": [321.63, 28.0], "vac_c12": [121.63, 688.0], "vac_c44": [671.63, 58.0], "vac_bulkmodulus": [146.94, 458.0], "super_c11": [138.79, 518.0], "super_c12": [328.79, 88.0], "super_c44": [448.79, 78.0], "super_bulkmodulus": [334.11, 458.0], "spl_a": [30.367, 398.0], "hex_a": [252.93, 698.0], "tet_a": [28.832, 698.0], "vac_a": [722.41, 238.0], "unit_a": [123.95, 18.0], "super_a": [689.58, 388.0], "L1_frequency": [132.61, 338.0], "L1_mean": [666.23, 518.0], "L1_max": [562.14, 58.0], "L2_max": [342.14, 638.0], "L3_frequency": [142.61, 398.0], "L3_mean": [106.23, 78.0], "L3_max": [102.14, 218.0], "L4_frequency": [132.61, 278.0], "L4_mean": [676.23, 648.0], "L4_max": [232.14, 638.0], "Interstitial_RE_E": [655.41, 118.0], "Vacancy_RE_E": [478.75, 588.0]}, [[1.0, 0.11694324173259046, 0.022856881692017435, 0.012964765003308466, 0.0218385144073806, 0.046402967526203535, 0.022814449228339563, 0.025014801884315874, 0.013965676307866258, 0.03393502379832605, 0.004825353397581717, 0.018348348276090557, 0.03417174994600944, 0.03607562224894527, 0.01824102932476313, 0.037779799307041464, 0.007861158154069774, 0.01723172635850451, 0.01552235631258075, 0.03554105920094154, 0.01606322597437663, 0.03275939268321332, 0.0032051312895027694, 0.018776766658309674, 0.011193343260635029, 0.005760459804116738, 0.0023104743655137, 0.0028631059238100097, 0.004155992418637496, 0.004551571916920731, 0.008262612859535437, 0.006885001015944607, 0.004452048822886474, 0.014149007294583515, 0.009320198726368521, 0.0032584426375188084, 0.00241414463211511, 0.01109066284855338, 0.003083504923939993, 0.00035484516723513346, 0.0003501159597980236, 0.0002588274272855781, 0.027816142418326716, 0.022310170184857, 0.03270965841579187, 0.04203245931679485, 0.0032677947336991514, 0.011657704171120985, 0.01615250528370909, 0.041220141993063036, 0.0017229151585308328, 0.04133325162138878, 0.0024520503991007597, 0.04832500681537993, 0.04494689723775554, 0.050368364095335495, 0.04366255338493561, 0.07732494002803493, 0.06853398868958864, 0.05632623958183544], [0.11694324173259046, 1.0, 0.054915848972780214, 0.018821745089312305, 0.08065039449647933, 0.08091722165503598, 0.055131766342997726, 0.07195082350792048, 0.025101916542656356, 0.09609596329493592, 0.02656003983388349, 0.06945333216429214, 0.10067910597423053, 0.15987668209357664, 0.076899423548074, 0.14454558567227863, 0.06637438724188079, 0.07654106936789407, 0.029009624789126283, 0.09483349138120883, 0.0674343067944531, 0.06431728234106328, 0.03937865983587661, 0.08336854591134167, 0.032030271922058574, 0.00013132105973025695, 0.03438850410793475, 0.012236562173398606, 0.0001600230375856031, 0.013628944945832836, 0.0453744521214157, 0.03433576691983802, 0.06287068722210137, 0.06364922649942535, 0.033511176648305725, 0.0073395666803727075, 0.024792634273205067, 0.06541346101739681, 0.03950916023010188, 0.0030793575231215647, 0.021974414441193406, 0.023825078977126705, 0.004225851337642225, 0.007614734246450055, 0.05409152069409216, 0.07110780244197724, 0.00014296813657134632, 0.023392543664748165, 0.05408047545210548, 0.08722155641878859, 0.010468658138236725, 0.029707432971568273, 0.0444189924533016, 0.1076111944175041, 0.20483619593929445, 0.21993661445207052, 0.2124701711728192, 0.21898879226762283, 0.21580005855078424, 0.1996694587999784], [0.022856881692017435, 0.054915848972780214, 1.0, 0.008614575809647772, 0.0015677213503426418, 6.938745137259949e-06, 0.0006351092426506896, 2.5430470466833726e-05, 0.00014552325970319387, 0.00038857786210159544, 0.000894930235689849, 0.0006492628268513382, 0.0006260608641786903, 0.0005569168984724715, 0.001370422567984824, 0.0007239426087495029, 0.00041049160380356175, 0.00010335597360845571, 0.00048074643774707583, 0.006188906169316289, 0.0003449287722502785, 0.00026324513218873766, 0.0007736112587923543, 0.0015835255298651467, 0.013632041008011223, 0.0015944096214744058, 0.004782097594265625, 0.009477900386079277, 0.00018359114677502032, 0.005275477166317555, 0.0026877229850315416, 0.005774134926847939, 0.005693591288278936, 0.0008892679164294073, 3.9022768153037225e-05, 0.00013194130415342885, 7.098602278078606e-05, 0.0021545641119591497, 0.01010642897455542, 0.0002956150913131669, 0.0007308754001996614, 3.236885742148687e-05, 0.05975083985798102, 0.03813183674053371, 0.07484304824382744, 0.06722145890531808, 0.023803631410360963, 0.011371788713503295, 0.022914769943493854, 0.03409205313123, 0.007080455562278121, 0.021461404979107812, 0.0008058639195517451, 0.008887162358890121, 0.0010414664229474024, 0.0009881808642791638, 3.6325403330393032e-06, 0.003983231715171976, 0.004951600947395501, 0.00644527630047169], [0.012964765003308466, 0.018821745089312305, 0.008614575809647772, 1.0, 0.01822327771027705, 0.019346724220243316, 0.010112646268883307, 0.03529077888987028, 0.04555876166304748, 0.032550644652423626, 0.035682637083655926, 0.06738241771082985, 0.03174577518321577, 0.03410053783578242, 0.009895700108843154, 0.05977318846956742, 0.027222800432049273, 0.009275281480245978, 0.0005506738722323754, 0.023326717844553944, 0.009059236708396938, 0.014156853725551742, 0.0026797206763622323, 0.024480835624457364, 0.00021193255712362945, 0.0018674336290725087, 3.507740056682816e-05, 0.0001462714294177963, 0.00012090383490372498, 0.0137416464934842, 0.022894893162620864, 0.022311237652141422, 0.04062572604396685, 0.06531039705358058, 0.06257731211525197, 0.05018515426214235, 0.004156622358688283, 0.029018635984589224, 0.026114282886013928, 9.989463042730304e-05, 0.043296965541653964, 0.026024341440997797, 0.004929108779499293, 0.012944590952181876, 0.0002373715355452352, 0.001929653254172307, 0.060356107663816924, 0.02196635949742067, 0.04860271981764937, 0.013062018520926961, 0.10339434017840232, 0.022514451407277196, 0.12904645333411077, 0.02073170595018166, 0.03618398125591137, 0.04584482725382296, 0.058112069874717585, 0.015229076067208804, 0.022574955733183463, 0.028680860017734986], [0.0218385144073806, 0.08065039449647933, 0.0015677213503426418, 0.01822327771027705, 1.0, 0.6743957700442627, 0.4838063432960164, 0.533761318934008, 0.12859416543442265, 0.16926123316720093, 0.15313143236101595, 0.19459336659887932, 0.2487798215757799, 0.20295335714366516, 0.14738067206335123, 0.27101742150798624, 0.06660063484297402, 0.0978729828684151, 0.05056564679928191, 0.11893384996892162, 0.08632793800113603, 0.11842013030985529, 0.11059450005430833, 0.15125030266063652, 0.015591982930449486, 0.0009940710032727094, 0.016135544347252145, 0.002142822201311732, 0.0019962652649484574, 0.005092778088930009, 0.018789548366052514, 0.029536362554328496, 0.06725030787922545, 0.12305169362400842, 0.10262324930107902, 0.05036963736001938, 0.05589083819293731, 0.1488381709635478, 0.08212495569541065, 0.06183530714953554, 0.2141676595595615, 0.12566749137239086, 0.05752981442822295, 0.07480042697199499, 0.0036980396439762306, 0.012410171238349641, 0.09610904250280025, 0.05749675255871708, 0.039742662452472946, 0.04051275793510482, 0.1084008491003165, 0.07756692231586473, 0.10218644630542345, 0.08196827012731812, 0.28052074105969166, 0.294865468697734, 0.3149396556982188, 0.3137663768162117, 0.35333277205889374, 0.36636598353398037], [0.046402967526203535, 0.08091722165503598, 6.938745137259949e-06, 0.019346724220243316, 0.6743957700442627, 1.0, 0.4351903411382219, 0.5753201343589112, 0.1512845752222945, 0.19160985648187018, 0.17615142335847087, 0.22142007644600561, 0.24391272878687614, 0.20215053856209672, 0.12408696381909405, 0.2701568693968695, 0.08378806619925447, 0.11160055585346342, 0.06406174231245387, 0.1365035436889659, 0.11164649794907844, 0.1414130039657133, 0.09720337979692636, 0.17828413572906868, 0.005876772277077402, 0.00031593924658037537, 0.015222624974069968, 0.00328710029842461, 0.0006318928653311128, 0.005963695473127499, 0.015410534496530936, 0.03891490006283021, 0.05660134329770564, 0.13182059215989975, 0.10450167601145675, 0.04741251699572326, 0.05260529226940776, 0.15355672443008478, 0.07999674329396791, 0.07036239106438148, 0.22101446838001707, 0.12200930541681107, 0.05582211469156707, 0.07191329279402396, 0.005332982964361574, 0.016697499596104955, 0.0861776812206555, 0.07076953827588843, 0.0403776687737253, 0.05032637946734617, 0.0775051516239767, 0.08550199414542402, 0.07235398744605276, 0.09420365185707631, 0.29789825031710215, 0.31503746300304497, 0.3268448263602854, 0.33386529763328193, 0.36057346913386545, 0.36033203165002936], [0.022814449228339563, 0.055131766342997726, 0.0006351092426506896, 0.010112646268883307, 0.4838063432960164, 0.4351903411382219, 1.0, 0.36416216119513, 0.10653824493869135, 0.10620280306195617, 0.1065442373448967, 0.14400754581025155, 0.16737902894964427, 0.1438797886720507, 0.1308215559223299, 0.19479117264421544, 0.07222142260848977, 0.11358636060836806, 0.05802870965384285, 0.08785669381270203, 0.06678849583940374, 0.07560557855027883, 0.05422759321248556, 0.09255081929157177, 0.009616553283395689, 0.0007686462055390446, 0.00971537632673207, 0.000493814276830681, 8.721641479926874e-05, 0.000369953421564569, 0.0008164152661247288, 0.006714402237426059, 0.02288655810685852, 0.06376979969138298, 0.06169940208090553, 0.043201372215038655, 0.037407984751209204, 0.0967955031370377, 0.048715373429958596, 0.0616517361337734, 0.16559412735492934, 0.09180529025767849, 0.06164423129460753, 0.0676339414988721, 0.019991092411149398, 0.03600577015625448, 0.07141071462082174, 0.05700159048570901, 0.04603726755813869, 0.07122206943140857, 0.05788034165900591, 0.08180570720496688, 0.06937083017606119, 0.11156634142147813, 0.19504328197469142, 0.20726355719758777, 0.20996151540485664, 0.24021171800255983, 0.26453627655737727, 0.2734641141484263], [0.025014801884315874, 0.07195082350792048, 2.5430470466833726e-05, 0.03529077888987028, 0.533761318934008, 0.5753201343589112, 0.36416216119513, 1.0, 0.19864107817858662, 0.18734870185025584, 0.20632224857264336, 0.24766644728224593, 0.22353020076924843, 0.17127851332985977, 0.1041926021855583, 0.23748556082957537, 0.07950090577502784, 0.10734166498375386, 0.05964591613934035, 0.14473673377717258, 0.12245588503662438, 0.09654302797307424, 0.07407305687489008, 0.14046089240445717, 0.01016842914225575, 0.0002943416149112817, 0.007817400866248856, 0.0016361677436246454, 0.0018576799652503119, 0.004496237056573592, 0.008443811895925673, 0.015120563576304879, 0.04040078782726583, 0.10236524233283394, 0.11039920845195013, 0.060480028436663585, 0.0655657856943273, 0.13320358749183484, 0.048935772543792576, 0.047359561379351475, 0.2238880584514615, 0.12892669235204635, 0.04997644571276156, 0.06840461101629654, 0.008553230380008861, 0.02108126249576599, 0.1030553925967349, 0.061037918283626785, 0.0630584480754691, 0.05697098904534207, 0.09494817394212922, 0.08261268266689295, 0.08931852313538395, 0.10207062139404888, 0.25278995081123956, 0.27928093441610835, 0.29162860985932054, 0.30004090803895556, 0.3364591740053584, 0.3496696829269107], [0.013965676307866258, 0.025101916542656356, 0.00014552325970319387, 0.04555876166304748, 0.12859416543442265, 0.1512845752222945, 0.10653824493869135, 0.19864107817858662, 1.0, 0.3537691321804812, 0.4756240505130419, 0.5214917443180593, 0.10637717235133996, 0.10108854996112664, 0.05618417352015977, 0.1302618661655676, 0.07571057619218748, 0.047845377641425026, 0.02463799194022815, 0.0941616876429283, 0.06917484065060879, 0.06681637898205592, 0.04160740854539367, 0.09905500236983943, 0.036780958712912995, 0.0001577043266208812, 0.011323639425042569, 0.004645359222430316, 0.0018646819321746335, 0.0005865552373413871, 0.00953379833137003, 0.023464267992030816, 0.0391360117678342, 0.06890730793319497, 0.06717117327242027, 0.03527516980450012, 0.04488650018859012, 0.13054084705407024, 0.07050999981136179, 0.027536092729648996, 0.1907000208278612, 0.14267009498579417, 0.04011378434243423, 0.048568758271162374, 0.0002821050428709105, 0.005812734467454951, 0.0628231499898681, 0.05061408014480516, 0.03924462482120878, 0.02930487364709834, 0.05825919627978447, 0.07006517047544779, 0.04689030986024825, 0.07223148892444736, 0.13812646259752723, 0.14242845492662665, 0.14458984688532436, 0.18141148091106302, 0.20786788779992862, 0.21935156423533772], [0.03393502379832605, 0.09609596329493592, 0.00038857786210159544, 0.032550644652423626, 0.16926123316720093, 0.19160985648187018, 0.10620280306195617, 0.18734870185025584, 0.3537691321804812, 1.0, 0.31578251569863347, 0.4217573582245104, 0.1995441742222332, 0.19794476099988856, 0.12238417824617304, 0.19635970509278708, 0.11219162405705002, 0.07595257526235541, 0.029535506842023305, 0.13900503029324246, 0.06623758017216187, 0.11140243158231367, 0.0840957466494482, 0.1480872656225629, 0.03548781155948737, 8.88739772276624e-06, 0.01697467429126663, 0.02144533905008386, 0.0009578441721606838, 0.007982517780028642, 0.018855444530768567, 0.05155496770192505, 0.0896043128464196, 0.12239315202889645, 0.08713456606345805, 0.02733336114975154, 0.054240941671681975, 0.12504253878691113, 0.03921845387229532, 0.03286959494903129, 0.1088325660729009, 0.050710244277028395, 0.031579327545000514, 0.0332891839331442, 0.0006228319623824098, 0.004866673724871207, 0.07498756585931542, 0.04150226768073812, 0.025437076023167807, 0.022708469714715507, 0.049720019102640504, 0.052538629126499065, 0.03342893643875486, 0.05430907980104363, 0.24026752144279417, 0.2820185252751169, 0.3068621075616575, 0.3283456738871487, 0.34803671847661666, 0.3448399131380495], [0.004825353397581717, 0.02656003983388349, 0.000894930235689849, 0.035682637083655926, 0.15313143236101595, 0.17615142335847087, 0.1065442373448967, 0.20632224857264336, 0.4756240505130419, 0.31578251569863347, 1.0, 0.38687593686710153, 0.13947207330268965, 0.110834228142269, 0.06252189540883314, 0.15901468110489378, 0.08135968408094528, 0.057488346260935, 0.027303329380208744, 0.09097105631179309, 0.07003866229741296, 0.04782631600288114, 0.046426501615567446, 0.09123752857625084, 0.010921231752489982, 0.0039658131666068085, 0.013730380745473175, 0.0059643269871375105, 0.003061745432784173, 0.004350092227830331, 0.013726353488903246, 0.022547991445347398, 0.08012001280186827, 0.08510351747898154, 0.10746621381439299, 0.07428626322971688, 0.0473642355476281, 0.12090727567402666, 0.04977440451821975, 0.027165083941460482, 0.18288180093786122, 0.1382170028351573, 0.023472496505899876, 0.028565619703585652, 0.005415361756974778, 0.01407262025580387, 0.05037877657747556, 0.05222242494094911, 0.04813348523103972, 0.04455007824683245, 0.03890501308843013, 0.056219478488008734, 0.04756732617366031, 0.08219472825093738, 0.17521504978918515, 0.17430314253214488, 0.1683923931683181, 0.1906533021415824, 0.21446854843096128, 0.22115369701116414], [0.018348348276090557, 0.06945333216429214, 0.0006492628268513382, 0.06738241771082985, 0.19459336659887932, 0.22142007644600561, 0.14400754581025155, 0.24766644728224593, 0.5214917443180593, 0.4217573582245104, 0.38687593686710153, 1.0, 0.19260725915536409, 0.18087926845898758, 0.09912159222314895, 0.24618088229109114, 0.11413570054514692, 0.08581964976216426, 0.04942426722182569, 0.1428317610281731, 0.07335657235408416, 0.08117486543498569, 0.07269482360233505, 0.1455179898178231, 0.028172587529830578, 6.161644776635976e-05, 0.03454987091343486, 0.010759671876682786, 1.2360225246515338e-05, 0.010379941875676809, 0.01964713032973999, 0.05105770339598168, 0.07713564078289299, 0.12420517730604783, 0.11079925307909669, 0.04739318577616579, 0.06133915922800593, 0.13586640517417453, 0.06679383306298459, 0.01904800034464514, 0.17537164963874236, 0.12100586995415227, 0.045482518930561815, 0.060221446903059195, 0.0032250993926058805, 0.012898529791479102, 0.0733533567686023, 0.07358306984628071, 0.05445587035213372, 0.04762479390338956, 0.06841558762176905, 0.08950716695089714, 0.07009461635870966, 0.10531152070752821, 0.26574593076381103, 0.25752927999644387, 0.2636931942497181, 0.29127221930392905, 0.3261132597590714, 0.33749542937532534], [0.03417174994600944, 0.10067910597423053, 0.0006260608641786903, 0.03174577518321577, 0.2487798215757799, 0.24391272878687614, 0.16737902894964427, 0.22353020076924843, 0.10637717235133996, 0.1995441742222332, 0.13947207330268965, 0.19260725915536409, 1.0, 0.5587804118916213, 0.424131167366595, 0.6135675839527027, 0.08271166558722018, 0.0791911507472579, 0.04725978429123069, 0.12354386545232705, 0.12484043071937648, 0.14311329853048824, 0.09289295930115603, 0.19119053198565034, 0.023193174492660406, 0.0016858180981210692, 0.012609112593353929, 0.004438356370322615, 0.003473930313972591, 0.015419805226347767, 0.02681128047864738, 0.055755824479540625, 0.08635882140262167, 0.10970040692798992, 0.10412003589204356, 0.051870570078493876, 0.08559269090607191, 0.1439586211497764, 0.04684854118809762, 0.051237431162277504, 0.1965378503411816, 0.11341397230331422, 0.051982234747847286, 0.0677282113004056, 0.003039805401949106, 0.01354157172250303, 0.09640165543852963, 0.08259831649156948, 0.04236378060595218, 0.05318552326054265, 0.08817515085186932, 0.0951390204716443, 0.08490907391146936, 0.10609152615659455, 0.2696566446704673, 0.29288233344832804, 0.3110062106529868, 0.3523320728908439, 0.3766163929719685, 0.3759650789202377], [0.03607562224894527, 0.15987668209357664, 0.0005569168984724715, 0.03410053783578242, 0.20295335714366516, 0.20215053856209672, 0.1438797886720507, 0.17127851332985977, 0.10108854996112664, 0.19794476099988856, 0.110834228142269, 0.18087926845898758, 0.5587804118916213, 1.0, 0.37663527602674834, 0.558747460926088, 0.14413010527065237, 0.11985617825522829, 0.0365505767711071, 0.17120636945638992, 0.11228353963804841, 0.15041383977884779, 0.08794451527675784, 0.19202167056046426, 0.02423577420756517, 0.007004485278773832, 0.012564140842483648, 0.004302606951686977, 0.0039769822827889125, 0.00993132853157818, 0.03561366798881795, 0.05943732621648719, 0.10941709067893086, 0.1197003789659153, 0.10279174074866174, 0.03800508970659169, 0.054381803246534584, 0.1324210606635138, 0.05055704387404576, 0.04867621637403325, 0.14137404046939298, 0.09348858719313582, 0.05414966928269323, 0.06399456480386605, 0.007890328997293977, 0.020435733408889687, 0.07454654646814557, 0.06958608740678379, 0.042813734453503796, 0.05789234133230675, 0.07739811937046222, 0.08426741875997959, 0.08028848091806812, 0.10051877789564528, 0.3138362298948268, 0.30658411639362076, 0.32597115169062, 0.38757865786765666, 0.4189936260809958, 0.4210892716332689], [0.01824102932476313, 0.076899423548074, 0.001370422567984824, 0.009895700108843154, 0.14738067206335123, 0.12408696381909405, 0.1308215559223299, 0.1041926021855583, 0.05618417352015977, 0.12238417824617304, 0.06252189540883314, 0.09912159222314895, 0.424131167366595, 0.37663527602674834, 1.0, 0.3930751344964381, 0.07736368587757642, 0.07501682344342904, 0.035740992696754036, 0.0996973712203842, 0.05358970901559942, 0.09759668018466001, 0.06748307754599085, 0.1195759464496001, 0.015085420552577106, 0.00028907017514825603, 0.014426763410862872, 0.0023357198680731567, 0.002860161665971282, 0.00724964219256812, 0.016727407163398694, 0.031681799434404835, 0.04862979122259066, 0.06100259596350447, 0.047377435077209346, 0.026263128032030545, 0.030559859514958525, 0.07370460053814415, 0.05194265544316515, 0.044356229512720315, 0.11279272353092797, 0.07764179456844544, 0.061860487936255766, 0.06888864803424734, 6.4840325813788e-05, 0.0019159273048552127, 0.04975715370991215, 0.07650412231244047, 0.009648402968692203, 0.025373881814441616, 0.04525232295789725, 0.09229007892438088, 0.028414001690327588, 0.06770549593030925, 0.17650222471787247, 0.1694973949305994, 0.16810991203738845, 0.23238533135992417, 0.24430496881310085, 0.24214499837132597], [0.037779799307041464, 0.14454558567227863, 0.0007239426087495029, 0.05977318846956742, 0.27101742150798624, 0.2701568693968695, 0.19479117264421544, 0.23748556082957537, 0.1302618661655676, 0.19635970509278708, 0.15901468110489378, 0.24618088229109114, 0.6135675839527027, 0.558747460926088, 0.3930751344964381, 1.0, 0.10876440258922991, 0.10951522514479926, 0.05421807735627636, 0.17348668130358855, 0.13662235082398258, 0.17379115883567314, 0.0673276910199047, 0.1929293315926074, 0.03955654762824634, 0.005306260591858612, 0.02747341274994419, 0.002571023994335569, 0.0021400738062092336, 0.017607356293104635, 0.022917877365285624, 0.05210851202597481, 0.0897011604974563, 0.12330137432977932, 0.11297484231864009, 0.046010204479414875, 0.05548031163729855, 0.15722406201976422, 0.06041815320670288, 0.06071410506571457, 0.23334401116138123, 0.15851053019335304, 0.0791212563348073, 0.1007779390864244, 0.009390923067674879, 0.02689579929788095, 0.09502620041459679, 0.11073759899738234, 0.0510667894333698, 0.08016819590752743, 0.09659286450275342, 0.13160192581185068, 0.09539214159974942, 0.1505294599198401, 0.3361414265716906, 0.352988302457658, 0.3801179358404264, 0.4011890289260407, 0.4299877247717854, 0.4315815973308299], [0.007861158154069774, 0.06637438724188079, 0.00041049160380356175, 0.027222800432049273, 0.06660063484297402, 0.08378806619925447, 0.07222142260848977, 0.07950090577502784, 0.07571057619218748, 0.11219162405705002, 0.08135968408094528, 0.11413570054514692, 0.08271166558722018, 0.14413010527065237, 0.07736368587757642, 0.10876440258922991, 1.0, 0.5197555427754017, 0.05666693748064309, 0.5105832073153559, 0.025068507264973637, 0.02570056698512531, 0.03412149572010939, 0.061762070683535376, 0.006657940945764698, 0.0015484623430633544, 0.012223710333741164, 0.005626749987789927, 0.002290655714774711, 0.004495093073629712, 0.02416701357183253, 0.03173019395313993, 0.0715243015610712, 0.061236259799180584, 0.04883076987146232, 0.022427491010282668, 0.024406083177668708, 0.054036265581132364, 0.022052736748313484, 0.028282164285019278, 0.06653117731131698, 0.05025095529770787, 0.04306841855113469, 0.04977794199231525, 0.00038794555701805375, 0.003136364118888812, 0.029298597960859374, 0.050223759555126285, 0.009316414138680102, 0.02334875324227657, 0.025937220804669647, 0.0672936967940413, 0.017075165293254, 0.05440610040898159, 0.17380518117760912, 0.1461549515551186, 0.1253931054869167, 0.17276941893051628, 0.18248994518278322, 0.1801927847148347], [0.01723172635850451, 0.07654106936789407, 0.00010335597360845571, 0.009275281480245978, 0.0978729828684151, 0.11160055585346342, 0.11358636060836806, 0.10734166498375386, 0.047845377641425026, 0.07595257526235541, 0.057488346260935, 0.08581964976216426, 0.0791911507472579, 0.11985617825522829, 0.07501682344342904, 0.10951522514479926, 0.5197555427754017, 1.0, 0.028888810309911424, 0.4855758851871174, 0.02404547808199031, 0.02215089111163561, 0.02709882852321855, 0.02826970883408496, 0.009031236321001161, 0.0001348937971899684, 0.012950042564573251, 0.004889792315470994, 0.00048543595357914283, 0.0045562275670655746, 0.012518530336481436, 0.020921534005962795, 0.03245320383845579, 0.03682558587967995, 0.04202816946179205, 0.017145869801895468, 0.040268556261115404, 0.056425385061740316, 0.02175183690874308, 0.02800221040991758, 0.09224748346706828, 0.05654690642754207, 0.06995182396462167, 0.07905842818235675, 0.001101378110920825, 0.005056018270994065, 0.03574055493143623, 0.08319994748373787, 0.0070793798062967475, 0.03747245411829133, 0.02190364675665913, 0.1023056710929654, 0.011916537612175317, 0.08146612440370786, 0.17540126663212052, 0.1498066823540809, 0.1373101868419029, 0.2115096879974306, 0.22048821931946336, 0.21631057460576533], [0.01552235631258075, 0.029009624789126283, 0.00048074643774707583, 0.0005506738722323754, 0.05056564679928191, 0.06406174231245387, 0.05802870965384285, 0.05964591613934035, 0.02463799194022815, 0.029535506842023305, 0.027303329380208744, 0.04942426722182569, 0.04725978429123069, 0.0365505767711071, 0.035740992696754036, 0.05421807735627636, 0.05666693748064309, 0.028888810309911424, 1.0, 0.05802662354549008, 0.020229322175538016, 0.03089522203203705, 0.041381328912705975, 0.020518759790181283, 0.004898550377585317, 0.001125927748607046, 0.016073997530171424, 0.025029979158472115, 0.002043358101996714, 0.004347519614058518, 0.0009330926522289979, 0.01148935520458885, 0.012951018917368618, 0.023726272496648815, 0.020854761074291777, 0.0027038998230627946, 0.022567099310930813, 0.023640356578131592, 0.014165795321566836, 0.02175008322956143, 0.0385352334539659, 0.014904010905398155, 0.035920887520595905, 0.037874512672260156, 3.1619447611329056e-07, 0.00140260765577245, 0.02416030393421434, 0.0269633576676191, 0.0036804423858461132, 0.007687742991163169, 0.00749940772022119, 0.03749859873741907, 0.005043339458965198, 0.01911293427679489, 0.1323740973598253, 0.1305653469735405, 0.09768837666005491, 0.12567218178087997, 0.1220582402061843, 0.11036642679777876], [0.03554105920094154, 0.09483349138120883, 0.006188906169316289, 0.023326717844553944, 0.11893384996892162, 0.1365035436889659, 0.08785669381270203, 0.14473673377717258, 0.0941616876429283, 0.13900503029324246, 0.09097105631179309, 0.1428317610281731, 0.12354386545232705, 0.17120636945638992, 0.0996973712203842, 0.17348668130358855, 0.5105832073153559, 0.4855758851871174, 0.05802662354549008, 1.0, 0.0447969284814365, 0.04517858032173866, 0.03812755137916708, 0.06609444719722457, 0.030648993229148092, 0.0010418122813306105, 0.03363542822951844, 0.003519489612067841, 0.0031621736465314502, 0.019013812247728936, 0.04004275866751449, 0.05842561732364981, 0.07869457194945723, 0.10866941205528916, 0.09230928072511911, 0.04350858882681746, 0.04559159722787159, 0.09512832448416043, 0.03827835896722194, 0.04012793061908241, 0.10630928079608457, 0.0778513639638565, 0.0616599267132538, 0.0678535398009352, 0.0026560938122956713, 0.009101328774836577, 0.05154968983448256, 0.06839750528234308, 0.018238067496515964, 0.03892536700317936, 0.0365684887467689, 0.0887717597226638, 0.031882690601628766, 0.0793820743815122, 0.26090020624131494, 0.22896356355387634, 0.1915769962864482, 0.26869445173414935, 0.2742416435003529, 0.25927784712852636], [0.01606322597437663, 0.0674343067944531, 0.0003449287722502785, 0.009059236708396938, 0.08632793800113603, 0.11164649794907844, 0.06678849583940374, 0.12245588503662438, 0.06917484065060879, 0.06623758017216187, 0.07003866229741296, 0.07335657235408416, 0.12484043071937648, 0.11228353963804841, 0.05358970901559942, 0.13662235082398258, 0.025068507264973637, 0.02404547808199031, 0.020229322175538016, 0.0447969284814365, 1.0, 0.19498765280417904, 0.04516334871675896, 0.27807584569335064, 0.0038805161837133237, 0.000609562134898671, 0.009363113747803985, 0.003747370781382339, 0.0004394037606229923, 0.0023266172571733278, 0.010262602929242208, 0.02441054984233757, 0.046088715858060715, 0.07600737934348799, 0.06535860099821181, 0.03062039927833413, 0.05529555833409726, 0.07259756189733417, 0.02625218505283131, 0.017069863070117295, 0.06410072727591078, 0.04613698918691402, 0.024898132326715994, 0.03573532230392009, 0.0035798600146633025, 0.010351272581790841, 0.03435223148780764, 0.052614948941357105, 0.03155633629338616, 0.035210011414337404, 0.014171051513970592, 0.052783814194706076, 0.02264015294446744, 0.06551754819761636, 0.14440422149660498, 0.16180542797500558, 0.15648081205457098, 0.18535160525264543, 0.18364000018510762, 0.1696886472464738], [0.03275939268321332, 0.06431728234106328, 0.00026324513218873766, 0.014156853725551742, 0.11842013030985529, 0.1414130039657133, 0.07560557855027883, 0.09654302797307424, 0.06681637898205592, 0.11140243158231367, 0.04782631600288114, 0.08117486543498569, 0.14311329853048824, 0.15041383977884779, 0.09759668018466001, 0.17379115883567314, 0.02570056698512531, 0.02215089111163561, 0.03089522203203705, 0.04517858032173866, 0.19498765280417904, 1.0, 0.06001916473747687, 0.29720386913181, 0.006569734009159772, 2.2603970621184545e-05, 0.0031906007127792844, 0.0014189806259997202, 0.0015409378232974533, 0.009423097219673575, 0.009022899578464924, 0.021712408254239927, 0.04220775329443999, 0.0773649283366279, 0.06301575316398864, 0.020306858301657266, 0.03914992418853291, 0.0631798230700107, 0.019587259606106373, 0.047768532006365425, 0.09282683190852743, 0.04795361826473476, 0.03043069500973423, 0.03905384699855736, 0.00282444958359438, 7.671795910725414e-07, 0.03889547835839707, 0.051908513914320595, 0.013917723967066892, 0.008839742502628289, 0.03597671019843539, 0.05617339998104132, 0.029709806438045973, 0.039776690927307824, 0.1736616292812267, 0.18809775081333535, 0.17184787337996735, 0.1993815377416673, 0.20189191997638162, 0.18725805276837484], [0.0032051312895027694, 0.03937865983587661, 0.0007736112587923543, 0.0026797206763622323, 0.11059450005430833, 0.09720337979692636, 0.05422759321248556, 0.07407305687489008, 0.04160740854539367, 0.0840957466494482, 0.046426501615567446, 0.07269482360233505, 0.09289295930115603, 0.08794451527675784, 0.06748307754599085, 0.0673276910199047, 0.03412149572010939, 0.02709882852321855, 0.041381328912705975, 0.03812755137916708, 0.04516334871675896, 0.06001916473747687, 1.0, 0.08451061160423576, 0.011012692900399888, 0.0027994699234540977, 0.000986372414609956, 0.004134452885419962, 0.0004917727592941016, 0.000991394635464657, 0.02384177118267567, 0.033345830716353296, 0.030621020966965094, 0.05849478375892304, 0.06098157246082201, 0.03229102721730712, 0.01985974444447625, 0.03132034535622106, 0.017492630447246228, 0.025173925663080216, 0.050714205472807125, 0.024408656105942214, 0.018475538211580773, 0.021101278626765814, 0.004342716002852609, 0.0007824088508836063, 0.023618565708598493, 0.024487655020205966, 0.010948090357888645, 0.0028540778817589115, 0.015508308502243533, 0.022777378218584585, 0.0138845605967096, 0.01249938331344461, 0.12262061239599839, 0.13141608376677164, 0.12078353827928529, 0.1799207524148949, 0.1682089792038062, 0.14433729984551238], [0.018776766658309674, 0.08336854591134167, 0.0015835255298651467, 0.024480835624457364, 0.15125030266063652, 0.17828413572906868, 0.09255081929157177, 0.14046089240445717, 0.09905500236983943, 0.1480872656225629, 0.09123752857625084, 0.1455179898178231, 0.19119053198565034, 0.19202167056046426, 0.1195759464496001, 0.1929293315926074, 0.061762070683535376, 0.02826970883408496, 0.020518759790181283, 0.06609444719722457, 0.27807584569335064, 0.29720386913181, 0.08451061160423576, 1.0, 0.013427620727680348, 0.0013897017763107957, 0.001561555116775475, 0.008633189732978936, 0.010611394056735696, 0.0004289910715356103, 0.017316656034263914, 0.025471029839465944, 0.056484801233178734, 0.09855914965169003, 0.08116263834089495, 0.042774682766968476, 0.03415766602163402, 0.07669852089204926, 0.02412345243286844, 0.02570198473882913, 0.08947740101665778, 0.03594376702437116, 0.023140165846536404, 0.039583100849668554, 0.00033849949116353397, 0.0029410984161118503, 0.05025489813736558, 0.04560886093814028, 0.025720537886001125, 0.01623469301773227, 0.03169203332982304, 0.04801984361614328, 0.033608045088539866, 0.045697477934403576, 0.19537028874718101, 0.21841568648862753, 0.20582402267723285, 0.21222303377684798, 0.22674102538869015, 0.22264060551070725], [0.011193343260635029, 0.032030271922058574, 0.013632041008011223, 0.00021193255712362945, 0.015591982930449486, 0.005876772277077402, 0.009616553283395689, 0.01016842914225575, 0.036780958712912995, 0.03548781155948737, 0.010921231752489982, 0.028172587529830578, 0.023193174492660406, 0.02423577420756517, 0.015085420552577106, 0.03955654762824634, 0.006657940945764698, 0.009031236321001161, 0.004898550377585317, 0.030648993229148092, 0.0038805161837133237, 0.006569734009159772, 0.011012692900399888, 0.013427620727680348, 1.0, 0.015238368333999526, 0.028624951727693075, 0.005689315578471381, 0.00042814488722055325, 0.0002756983961512093, 0.00013974115530896808, 0.001508970653223152, 0.0010420287599168497, 0.002830944068159354, 0.007539410178332355, 0.017503684330480263, 0.019853155346587274, 0.027770819001276863, 0.023727401553269453, 0.0361472713262757, 0.047185025845583366, 0.03929430053044196, 0.012060714304786923, 0.01344146704183064, 0.019373676983419262, 0.030678272058524744, 0.011605583995015769, 0.02083020359201344, 0.031228904611262324, 0.05158279350945883, 0.0062611278525819625, 0.030693180718421698, 0.016638656796513676, 0.0637263304233104, 0.059663204386796315, 0.05505667146532883, 0.03889479666000962, 0.05999572827590164, 0.06169637275280576, 0.06205633548836667], [0.005760459804116738, 0.00013132105973025695, 0.0015944096214744058, 0.0018674336290725087, 0.0009940710032727094, 0.00031593924658037537, 0.0007686462055390446, 0.0002943416149112817, 0.0001577043266208812, 8.88739772276624e-06, 0.0039658131666068085, 6.161644776635976e-05, 0.0016858180981210692, 0.007004485278773832, 0.00028907017514825603, 0.005306260591858612, 0.0015484623430633544, 0.0001348937971899684, 0.001125927748607046, 0.0010418122813306105, 0.000609562134898671, 2.2603970621184545e-05, 0.0027994699234540977, 0.0013897017763107957, 0.015238368333999526, 1.0, 0.0015461281418719373, 0.0018745316564351285, 0.00022996894672090617, 0.0003869677974676201, 0.0007216638930007568, 6.616290907423937e-05, 0.0005022449252863009, 0.002241113147450363, 0.002691202231819164, 0.0013551966996713438, 0.00034815639502282735, 0.0014139698317206359, 0.0022465742907020053, 0.0021824524654792082, 0.0009210179100142892, 0.0002706229519154002, 0.043971568078642484, 0.031514469100959626, 0.006327785506611644, 0.0072143001083464055, 0.017010672617971526, 0.015443604869481964, 0.007365979680867056, 0.013322920197731736, 1.1141760335563028e-05, 0.03239970561615464, 9.25594290203502e-05, 0.014608744526978735, 0.0026606740204092156, 0.002391581208328933, 0.0028331399190400057, 0.006804564952698023, 0.0062698187832747245, 0.006254010916568217], [0.0023104743655137, 0.03438850410793475, 0.004782097594265625, 3.507740056682816e-05, 0.016135544347252145, 0.015222624974069968, 0.00971537632673207, 0.007817400866248856, 0.011323639425042569, 0.01697467429126663, 0.013730380745473175, 0.03454987091343486, 0.012609112593353929, 0.012564140842483648, 0.014426763410862872, 0.02747341274994419, 0.012223710333741164, 0.012950042564573251, 0.016073997530171424, 0.03363542822951844, 0.009363113747803985, 0.0031906007127792844, 0.000986372414609956, 0.001561555116775475, 0.028624951727693075, 0.0015461281418719373, 1.0, 0.003810877103026829, 0.00506831746761646, 0.0020502377338996024, 0.008930438591414187, 0.014793753654514354, 0.004342156778931514, 0.019099369246734107, 0.024685929720219203, 0.006108854883946402, 0.009359042945088367, 0.03189655745601253, 0.021695245427615317, 0.0013340046323048744, 0.02173578890342489, 0.02940395108024662, 0.0043847342863376085, 0.010609288224442223, 0.009016679691124015, 0.011324414614553273, 0.002099033080819226, 0.012728640555383298, 0.010650158108264895, 0.022624315105493332, 0.007641112845908073, 0.016653047926093397, 0.01293226097053146, 0.026089595256280202, 0.030773608983368363, 0.029715159102885438, 0.018735053859461233, 0.029054435898231746, 0.02503055770932339, 0.019384126482228748], [0.0028631059238100097, 0.012236562173398606, 0.009477900386079277, 0.0001462714294177963, 0.002142822201311732, 0.00328710029842461, 0.000493814276830681, 0.0016361677436246454, 0.004645359222430316, 0.02144533905008386, 0.0059643269871375105, 0.010759671876682786, 0.004438356370322615, 0.004302606951686977, 0.0023357198680731567, 0.002571023994335569, 0.005626749987789927, 0.004889792315470994, 0.025029979158472115, 0.003519489612067841, 0.003747370781382339, 0.0014189806259997202, 0.004134452885419962, 0.008633189732978936, 0.005689315578471381, 0.0018745316564351285, 0.003810877103026829, 1.0, 0.0001354779389071352, 0.0005787306385256335, 0.0015990571279648168, 0.00418569312824004, 0.01658780019381164, 0.005728661956857311, 0.014560339324467972, 0.0033927229943025374, 0.012637189573193847, 0.006830213679235081, 0.01669821615443989, 0.01572243532077965, 0.017561886442074934, 0.006403117713844514, 0.0021745191994352398, 0.0033607453823922624, 0.013891106645801456, 0.019021827736321696, 0.00035756532153995195, 0.0025097953615664807, 0.015429202630258584, 0.018927049524483732, 0.0004524581344837387, 0.003928933397409647, 0.0014709291805195088, 0.018322884518947098, 0.022097929055866543, 0.0216458740110719, 0.024943909259132833, 0.015087758010176627, 0.014225709672977246, 0.013377407091012245], [0.004155992418637496, 0.0001600230375856031, 0.00018359114677502032, 0.00012090383490372498, 0.0019962652649484574, 0.0006318928653311128, 8.721641479926874e-05, 0.0018576799652503119, 0.0018646819321746335, 0.0009578441721606838, 0.003061745432784173, 1.2360225246515338e-05, 0.003473930313972591, 0.0039769822827889125, 0.002860161665971282, 0.0021400738062092336, 0.002290655714774711, 0.00048543595357914283, 0.002043358101996714, 0.0031621736465314502, 0.0004394037606229923, 0.0015409378232974533, 0.0004917727592941016, 0.010611394056735696, 0.00042814488722055325, 0.00022996894672090617, 0.00506831746761646, 0.0001354779389071352, 1.0, 0.028472208698117542, 0.00011248559771319771, 0.002407110075644978, 0.0018586382776670223, 0.0025328400268652108, 0.0046649202269286255, 0.002682068390380899, 2.081516641905466e-05, 0.0003715750906832783, 0.0038205551154231747, 0.005541625884173012, 0.006719898585710883, 0.009082193875608215, 0.0003327459984080389, 0.002385583685908647, 8.864070429849579e-05, 3.531382239432896e-05, 0.0019355617600200709, 0.0032564866358432178, 0.0006399754840801629, 0.0001928