[{"spl_Ef": [334.97, 18.0], "hex_Ef": [112.53, 513.0], "tet_Ef": [33.438, 363.0], "vac_Ef": [337.02, 438.0], "spl_c11": [529.94, 197.22], "spl_c12": [599.33, 207.59], "spl_c44": [574.14, 138.0], "spl_bulkmodulus": [554.89, 266.77], "hex_c11": [342.14, 713.28], "hex_c12": [410.06, 588.0], "hex_c44": [57.139, 618.0], "hex_bulkmodulus": [387.14, 656.63], "tet_c11": [93.409, 137.22], "tet_c12": [162.8, 147.59], "tet_c44": [137.61, 78.0], "tet_bulkmodulus": [118.36, 206.77], "vac_c11": [505.38, 464.35], "vac_c12": [580.82, 461.15], "vac_c44": [523.74, 438.0], "vac_bulkmodulus": [481.94, 480.4], "super_c11": [499.39, 519.96], "super_c12": [529.79, 514.8], "super_c44": [545.85, 477.72], "super_bulkmodulus": [561.66, 442.31], "spl_a": [45.367, 78.0], "hex_a": [242.93, 33.0], "tet_a": [523.83, 18.0], "vac_a": [437.41, 18.0], "unit_a": [573.95, 343.64], "super_a": [645.16, 333.0], "L1_frequency": [287.61, 124.5], "L1_mean": [383.71, 131.74], "L1_max": [338.75, 78.0], "L2_frequency": [331.7, 174.36], "L2_mean": [365.95, 163.72], "L2_max": [299.98, 158.22], "L3_frequency": [303.02, 90.95], "L3_mean": [373.06, 95.486], "L3_max": [336.91, 123.47], "L4_frequency": [92.611, 424.93], "L4_mean": [164.82, 425.41], "L4_max": [129.2, 363.0], "Interstitial_RE_A": [151.43, 268.46], "Interstitial_RE_M": [225.01, 273.35], "Vacancy_RE_A": [444.5, 336.13], "Vacancy_RE_M": [400.21, 367.84], "Interstitial_RE_E": [525.41, 78.0], "Interstitial_RE_F": [292.81, 243.0], "Vacancy_RE_E": [203.75, 623.28], "Vacancy_RE_F": [351.79, 352.06], "Interstitial_enhanced_E": [271.67, 498.0], "Interstitial_enhanced_F": [287.72, 313.36], "Vacancy_enhanced_E": [248.76, 566.63], "Vacancy_enhanced_F": [355.55, 288.67], "bulk_free_energy": [587.8, 590.68], "bulk_entropy": [651.61, 540.71], "bulk_heat_capacity": [566.77, 534.43], "vacancy_free_energy": [627.05, 576.1], "vacancy_entropy": [621.48, 503.1], "vacancy_heat_capacity": [576.03, 509.85]}, {"Vacancy_enhanced_E": [248.76, 566.63], "hex_bulkmodulus": [387.14, 656.63], "vacancy_heat_capacity": [576.03, 509.85], "Interstitial_enhanced_F": [287.72, 313.36], "Interstitial_RE_A": [151.43, 268.46], "spl_c11": [529.94, 197.22], "tet_c12": [162.8, 147.59], "L3_max": [336.91, 123.47], "super_a": [645.16, 333.0], "Vacancy_RE_A": [444.5, 336.13], "L4_frequency": [92.611, 424.93], "spl_Ef": [334.97, 18.0], "hex_Ef": [112.53, 513.0], "tet_Ef": [33.438, 363.0], "vac_Ef": [337.02, 438.0], "hex_c44": [57.139, 618.0], "spl_a": [45.367, 78.0], "hex_a": [242.93, 33.0], "tet_a": [523.83, 18.0], "vac_a": [437.41, 18.0], "Interstitial_RE_E": [525.41, 78.0]}, [[1.0, 0.2244844562025385, 0.15726602466973555, 0.003644120561560927, 0.004929506859447418, 0.009614778363592607, 0.01477176526918871, 0.006307441671342422, 0.005093239431929304, 0.008722836716082085, 0.014839520443396674, 0.005500652145426917, 0.01766853243137073, 0.012978504218478862, 0.008486607457977153, 0.009316485944405099, 0.012385641350415904, 0.014332776604562211, 0.018043169351806904, 0.021386539597226636, 0.010331511066831287, 0.011721815086706824, 0.017367991359332834, 0.012524569361759668, 0.005008040071346314, 0.009076913685685141, 0.01003221925535664, 0.005134128638050105, 0.023856233935577367, 0.01924470507017372, 0.009130045816721019, 0.004213169893326826, 0.005161739389461299, 0.01721548900405208, 0.00891088010677049, 0.009493543641719678, 0.00014990053983801209, 0.00262369580592946, 0.0037207201836948994, 0.0018534912253234369, 0.001836251508722147, 0.001779218909232182, 1.4186044940409065e-05, 0.007841587129050238, 0.0008194807101491405, 0.00585666007640573, 0.04472382089657547, 0.002546952378065419, 0.026758271673757727, 0.004322584355513292, 0.07999710659451076, 2.8537078735369836e-08, 0.0358812018480562, 0.0002951802915532977, 0.0008277422559325307, 0.0024841491768795897, 0.006359392904178559, 0.0014625868546944646, 0.003409704618283387, 0.004809095751802808], [0.2244844562025385, 1.0, 0.13824544326782912, 0.0003727268492656728, 0.012790093635237266, 0.015344310623667451, 0.024026599622587123, 0.017341212160888658, 0.0054384313004302055, 0.015719794865189218, 0.024758005655110875, 0.014543418466791544, 0.030668796878475468, 0.03821796040598842, 0.0178529527088256, 0.029195433747200086, 0.012743223032325796, 0.011501990276055422, 0.013368926399963541, 0.02172847021231817, 0.01063903385505274, 0.008814173246631689, 0.01648502478534602, 0.015616635393909842, 0.0015138074528603168, 0.007456117857884332, 0.0004659169317390457, 0.008364493023711544, 0.012771554479305572, 0.009455321862478864, 0.008713762014296855, 0.003932076423299726, 0.005412044142569207, 0.01914583382591859, 0.008723792180288386, 0.00739080151587048, 8.285464024211528e-05, 0.0017328479789436226, 0.004420762369530591, 0.0011759752118863515, 0.0016383590032573341, 0.0012823724031995408, 0.004010387871648843, 0.023260344134871214, 0.0006054297109459049, 0.002896992368845503, 0.040699691798725984, 0.006319801117701883, 0.02722244818280321, 0.0009030296685472933, 0.07224232352176213, 0.0008520779105699486, 0.037716886442556254, 7.399540631033176e-05, 0.0040533118231175546, 0.007735022276355508, 0.009331657717459297, 0.0006943707351750164, 0.001623491041590634, 0.0032718186902620495], [0.15726602466973555, 0.13824544326782912, 1.0, 0.011627556909477324, 0.01735318708599009, 0.018083995887298504, 0.031214846166551378, 0.011283335277734806, 0.014736137169196847, 0.019780115992346647, 0.036487466902074925, 0.014326140943021738, 0.025033338005720444, 0.030698191205951512, 0.02435573879671432, 0.020767480591685622, 0.03623393538797984, 0.04118871821408412, 0.05479271209676292, 0.03541486580176505, 0.047335437731018545, 0.0432282998401962, 0.06371497163474323, 0.053068906642975415, 0.001183888120040092, 0.004800951593943342, 0.004671766123888633, 0.006161644679321708, 0.0217110559208587, 0.031841641339907946, 0.009567330676653996, 0.0042747652323194005, 0.0033896695216692916, 0.011994236154096916, 0.006391534383252938, 0.008015780999803598, 9.762686917859608e-05, 0.0016058431681010982, 0.0025228398300337672, 0.001529234044552658, 0.0014145905601627457, 0.002750999435379562, 0.013552162754848886, 2.235058907190522e-06, 0.015454839855254827, 0.03037620632288665, 0.014506613520226495, 0.0010578754365415288, 0.0290169725819459, 0.010405071328245323, 0.04481149269875254, 0.001947843329998454, 0.024901497280606835, 0.0005291565992509387, 0.021037264689046813, 0.02360470314959117, 0.03806826856682783, 0.017211187028564286, 0.02409332228162462, 0.03654965912895406], [0.003644120561560927, 0.0003727268492656728, 0.011627556909477324, 1.0, 0.024491355411539944, 0.05055199100078789, 0.04444839395180907, 0.010157327196148756, 0.008686391464734747, 0.04116357186053509, 0.01762367442468338, 0.0036436481785894407, 0.04141205313314742, 0.03235684282734041, 0.08595898856409229, 0.009125988037903031, 0.09750870897280073, 0.13267548433999252, 0.1529338828294812, 0.10079931055703384, 0.0943599760676896, 0.12444972623010699, 0.09515876065068331, 0.10509869385247396, 0.027537005994435912, 0.027164640502261774, 0.08048212168308384, 0.003936105589132247, 0.13951568480170196, 0.1791672837117864, 0.001510610027224579, 0.000979894512046128, 2.953927977197222e-05, 0.010780677367403424, 0.0021956746925577086, 0.0005093466709192723, 4.781047787646691e-06, 1.7490014211932457e-07, 0.0005216692408496124, 0.0027023898280833384, 0.0029456317844188023, 2.3012332734108915e-07, 0.0019616866041734923, 0.001654523136211885, 0.0067224999196310005, 0.01991541467092688, 0.0005957326345052691, 0.00036069040375431307, 0.03569063553198796, 0.008728861314174457, 0.10464091002183522, 0.005004589359322859, 0.17022871003635115, 0.012862965170493524, 0.057187072098730925, 0.0707046852047344, 0.08869257825997821, 0.08455015453918885, 0.1075253239588904, 0.12109230553755077], [0.004929506859447418, 0.012790093635237266, 0.01735318708599009, 0.024491355411539944, 1.0, 0.7106479242151625, 0.6360217270680868, 0.6506641106448353, 0.3840249455616385, 0.39877120480015815, 0.3361223206147571, 0.34824672522601635, 0.36721601382596963, 0.4505102531851344, 0.3740600643256296, 0.4155416144709206, 0.385238997343326, 0.3605430320749492, 0.3156645440145919, 0.37898897417570476, 0.36987578613896804, 0.34625419604421315, 0.3368800106895465, 0.3655862431058626, 0.042135777012637814, 0.017572603817745384, 0.001431044312621299, 0.007958893367788423, 0.01176414469922996, 0.026678371928056267, 6.670253694406243e-05, 7.131400766328786e-07, 1.73568535535181e-05, 0.0024188028881406897, 8.665591002818588e-05, 0.010303873324313022, 0.0004558242067073401, 0.001683453855212404, 0.010067007151233138, 6.591002382200987e-05, 0.00037663107467451434, 0.00857517157649064, 0.14596390286482486, 0.19623711793075474, 0.07933977179234022, 0.08969267847609472, 0.05996895522785543, 0.2508931401773574, 0.06049882283925909, 0.1758157487532588, 0.03338446507155991, 0.22194194245251808, 0.041379540230141995, 0.21356649396809405, 0.2847239275584138, 0.3221927072473978, 0.37431456383422335, 0.3046000433109011, 0.31553001689439225, 0.3455581690208838], [0.009614778363592607, 0.015344310623667451, 0.018083995887298504, 0.05055199100078789, 0.7106479242151625, 1.0, 0.6306886601651258, 0.7108135489592753, 0.3444548037229744, 0.5226194009706203, 0.36124342564827927, 0.39999398836095845, 0.426750108810026, 0.44917391192431383, 0.37880925707332586, 0.4729309333729035, 0.4098467311573772, 0.4550443815728478, 0.3440439069220216, 0.47068808681133834, 0.3517323075987098, 0.4627218216773568, 0.35281504579491035, 0.43794329519842246, 0.04275182722403977, 0.01997210209026055, 0.00030400420444910595, 0.004686132552040887, 0.02049771145274605, 0.03869982765351714, 3.3950319817712773e-06, 6.636995113199051e-05, 1.6973360784295097e-05, 0.0033504693616278535, 2.43260012382526e-05, 0.011067619801460902, 0.0002930956219525739, 0.0017027166937602588, 0.010448827621233024, 0.00020317565405058303, 0.00014342387094120273, 0.008753138200911826, 0.17429099110658522, 0.21262080794889668, 0.10969609928013113, 0.11078404624000678, 0.07621734292426738, 0.28409666280479856, 0.07605804575087102, 0.2092796674777053, 0.026598340884894378, 0.2501905843158862, 0.03356917294485514, 0.24643143782262344, 0.35020124039960115, 0.3932192645275117, 0.4470501144376751, 0.36344110721584644, 0.376469971437237, 0.4135961295906206], [0.01477176526918871, 0.024026599622587123, 0.031214846166551378, 0.04444839395180907, 0.6360217270680868, 0.6306886601651258, 1.0, 0.507297004419574, 0.3178211357782417, 0.40296631725957843, 0.42994359519818603, 0.30290581014416224, 0.36391456739232503, 0.41942541753182666, 0.39669059505137494, 0.3608939633392175, 0.420350305980254, 0.43765996741517105, 0.43558656827179365, 0.4159718512328124, 0.372574075607173, 0.398731156160291, 0.4393265114926033, 0.3906244696642111, 0.041364908455013706, 0.018589422036757695, 2.2119776327214788e-07, 0.0035681610202290296, 0.027657543192319257, 0.054701513793026756, 3.0025554898474288e-05, 0.00017205139475305882, 3.186984146047732e-05, 0.002851000440614018, 9.691593096912498e-06, 0.012605983454725233, 7.839340054299603e-05, 0.0012980970658866958, 0.009473578514037672, 0.00043526267269039065, 1.3518209037338766e-05, 0.007542060518208006, 0.13428275878208806, 0.169609653376203, 0.10271204661675108, 0.1070877290863987, 0.04010959037793679, 0.23603038681291322, 0.06009526422408556, 0.19838672670610444, 0.016229098909147113, 0.23537386006871244, 0.02841859341739185, 0.24541075614233684, 0.33066798141387277, 0.37661701779368634, 0.4413827244935063, 0.3705966313422305, 0.3912917361812928, 0.4345871604055477], [0.006307441671342422, 0.017341212160888658, 0.011283335277734806, 0.010157327196148756, 0.6506641106448353, 0.7108135489592753, 0.507297004419574, 1.0, 0.35127822228615835, 0.3991328799374422, 0.3030147845471841, 0.4298443071298249, 0.34569600976159526, 0.37592576484043855, 0.2602869797101419, 0.44093772103577555, 0.2646494259204837, 0.2644795889575027, 0.18660021038939784, 0.3130573512669709, 0.20635657867416973, 0.24162018470483654, 0.182614462503968, 0.2757985191018815, 0.05377267165422121, 0.028942380493072815, 0.008923173920750219, 0.010109888379341295, 0.00151082209290885, 0.005820133766240325, 4.216564693189959e-05, 1.5754617793707935e-06, 1.359135020349116e-05, 0.00089845271180732, 0.00031744722847165343, 0.006785634800491998, 0.00010114636932263859, 0.0011222206414665586, 0.005577444021109065, 2.6666248872112936e-05, 0.0006502890266362664, 0.006355902129659796, 0.14202109146672864, 0.17336648835027985, 0.09356454870510407, 0.10072042551081445, 0.08281995349388475, 0.22311500313793028, 0.07359135569056376, 0.17458506791318887, 0.04552323674621997, 0.2252255866091151, 0.048507837234885574, 0.22557261331244535, 0.23370445085753608, 0.25714509727736934, 0.2763122359966495, 0.21576091887003004, 0.21292829976482083, 0.22966486955697385], [0.005093239431929304, 0.0054384313004302055, 0.014736137169196847, 0.008686391464734747, 0.3840249455616385, 0.3444548037229744, 0.3178211357782417, 0.35127822228615835, 1.0, 0.5952759819209668, 0.5991224847275183, 0.6846209686420613, 0.2835255614600403, 0.35944298490433546, 0.28186988777539335, 0.34521025418502765, 0.3103771141890113, 0.2594849281544949, 0.22232309785573906, 0.28360308585574856, 0.25978970952988006, 0.23786288100349146, 0.21881402087796795, 0.2690708277259449, 0.03649728815398288, 0.041986643846351465, 0.008420526702332082, 0.013866948049782375, 0.003289904486429626, 0.012412199843952107, 8.338840826879316e-05, 4.205748168571121e-06, 1.667134550350013e-05, 0.0021338306764252263, 5.30648157483453e-05, 0.006381803902929211, 0.00014557053729535098, 0.0011130909370090907, 0.006946344655865929, 9.192573623915048e-05, 0.0003210848132983089, 0.00699655728905448, 0.11945535128318532, 0.15238346246499487, 0.06285901335189976, 0.06851245236166736, 0.047405149024266784, 0.20220921868782193, 0.05147397287976771, 0.13644210610680674, 0.030528840003230102, 0.1983168496660536, 0.036194105308124024, 0.19475061784223907, 0.20864115078562256, 0.2301904703294454, 0.2637813414844613, 0.20979449457937457, 0.2166691715953797, 0.23685298623210288], [0.008722836716082085, 0.015719794865189218, 0.019780115992346647, 0.04116357186053509, 0.39877120480015815, 0.5226194009706203, 0.40296631725957843, 0.3991328799374422, 0.5952759819209668, 1.0, 0.583660543035315, 0.6625349847187324, 0.4243557205039307, 0.4898693786554679, 0.41086402699134733, 0.46393625818845324, 0.44596165963253925, 0.45807338701405437, 0.37171766255055305, 0.474502882133631, 0.35631545911159396, 0.4659505413696701, 0.37680360450827527, 0.4575694851034167, 0.03437069947757422, 0.03259330246540187, 0.0009130455232619483, 0.004677897975430128, 0.023075801764112835, 0.04380873186206896, 4.641505989492168e-05, 1.4275347819324576e-05, 7.992994360672203e-08, 0.004072774880842324, 4.1423983765079245e-06, 0.010222675290985523, 0.0002947076133415474, 0.0015098755932482363, 0.00863611963337835, 0.0003430300146905826, 8.830287670838663e-09, 0.006961551599558159, 0.15129486210715654, 0.1812796530053383, 0.10031628855821338, 0.09362711156692533, 0.05334223266546222, 0.24790521423785367, 0.07235821732561608, 0.18250260203021446, 0.022082407035410524, 0.22829649176212988, 0.03252294750003601, 0.22902545225099719, 0.33956925988896536, 0.3886586583530909, 0.4544500836554846, 0.3689247434508537, 0.38639067825357776, 0.4235783133547669], [0.014839520443396674, 0.024758005655110875, 0.036487466902074925, 0.01762367442468338, 0.3361223206147571, 0.36124342564827927, 0.42994359519818603, 0.3030147845471841, 0.5991224847275183, 0.583660543035315, 1.0, 0.5426293859814169, 0.32706407659891235, 0.37481980156787803, 0.3184056553562347, 0.33010737402732404, 0.3474175071506205, 0.3315313807325723, 0.3484795528055099, 0.3320211703296502, 0.2821358022382605, 0.2935950044925347, 0.3568929673074998, 0.3045213797378608, 0.029160625383666074, 0.02888079188181438, 0.00294743724632554, 0.005862171996195083, 0.013269595479925202, 0.030400097702100556, 0.0002683935328022907, 2.6236221205413803e-05, 2.870407286647812e-06, 0.0017321461711970322, 0.0001528829172077794, 0.011578040722205186, 1.030807261146827e-05, 0.001088682736770283, 0.007158127736208561, 0.00037677806278732507, 5.974689662451926e-05, 0.007425331258726608, 0.09055349833092456, 0.11455160817535474, 0.08265957362580309, 0.0817115032923099, 0.019522777054298238, 0.18382470483213117, 0.05608595361101542, 0.1622926906276834, 0.013644697402120596, 0.20484706980013817, 0.03154549598539475, 0.23148104701179226, 0.2612149928984143, 0.2950777025562917, 0.3425561869985013, 0.2770896501884322, 0.29461044765309935, 0.3263519531362059], [0.005500652145426917, 0.014543418466791544, 0.014326140943021738, 0.0036436481785894407, 0.34824672522601635, 0.39999398836095845, 0.30290581014416224, 0.4298443071298249, 0.6846209686420613, 0.6625349847187324, 0.5426293859814169, 1.0, 0.34379038150865454, 0.394071591241258, 0.2678746758231519, 0.46355542041854636, 0.26167038764050293, 0.24423517071348408, 0.1768855648093809, 0.2847463860244919, 0.17261565046157967, 0.2138158756945725, 0.166419867666338, 0.260257778531101, 0.04255299789892913, 0.04881028131334896, 0.01964636065890398, 0.01201470191003977, 0.0014017064849266762, 0.003479438877615112, 0.00013447752205786597, 4.0796537762042796e-05, 2.6658606095920687e-06, 0.0010905003976569246, 0.00019967902501497782, 0.005160041030847356, 4.3163080440554344e-05, 0.0009283361741612235, 0.0055295200339220895, 0.00011283596374810781, 0.0003049131319150692, 0.005550159404666362, 0.12814315296205173, 0.15415786146455857, 0.0839121288458358, 0.08531222970182495, 0.061654500452704576, 0.2090529483197333, 0.06758883448503851, 0.1539005123800217, 0.0437832188334146, 0.21976111323850586, 0.0502546608472079, 0.22616571563015023, 0.21799956457568498, 0.23558868054968515, 0.2535959397392104, 0.19434788380475493, 0.19242576246281606, 0.2066588657011399], [0.01766853243137073, 0.030668796878475468, 0.025033338005720444, 0.04141205313314742, 0.36721601382596963, 0.426750108810026, 0.36391456739232503, 0.34569600976159526, 0.2835255614600403, 0.4243557205039307, 0.32706407659891235, 0.34379038150865454, 1.0, 0.6660069179675314, 0.6366609545505874, 0.6849424937500336, 0.32382046284540017, 0.3429632830521577, 0.2723519017954975, 0.3607526126413717, 0.2545396642894795, 0.31777510753246374, 0.2571067607751345, 0.3220698635406384, 0.012883686451848907, 0.0018826395070290537, 0.00011365345643902365, 9.016970450041215e-06, 0.04090239671127224, 0.0583634653164088, 5.90377622537667e-06, 9.264694118361572e-05, 2.862285178512087e-05, 0.0012335996814559851, 0.0003582962239172592, 0.01172216830510855, 4.251198673567578e-05, 0.0016852419230370611, 0.007431675236357667, 0.00044828151030207504, 0.00021282831995520006, 0.006891868498477628, 0.10209109794417133, 0.11759089682853727, 0.05413295296952879, 0.05053994196488587, 0.03432873168758304, 0.19609507031027185, 0.03145907000630099, 0.12332364594642131, 0.0028996881549386185, 0.15611151010855392, 0.005521413073763343, 0.15935705990733381, 0.2607049636862477, 0.29756763760944444, 0.3460415918724667, 0.2574630950955537, 0.2703118974839921, 0.3040821323257381], [0.012978504218478862, 0.03821796040598842, 0.030698191205951512, 0.03235684282734041, 0.4505102531851344, 0.44917391192431383, 0.41942541753182666, 0.37592576484043855, 0.35944298490433546, 0.4898693786554679, 0.37481980156787803, 0.394071591241258, 0.6660069179675314, 1.0, 0.6438243670510979, 0.6876531126756243, 0.4389425290155049, 0.4151032307806435, 0.36363262579942984, 0.43662570055000754, 0.3859282056952618, 0.4050484073027544, 0.37853386546861134, 0.43958539480865944, 0.028125412046631736, 0.011239901625221226, 0.0011862012076337542, 0.0020666447878413493, 0.03269098828095921, 0.05752227456433105, 9.548253173165394e-05, 3.5051233793593127e-07, 2.8339895635154475e-05, 0.002194907579582531, 0.00019738583130174257, 0.012489559210488553, 0.0003969660574911742, 0.002083870355325695, 0.010346537866236466, 0.00023951273629701066, 9.489652206810059e-05, 0.008496368367423488, 0.12713758053389965, 0.15176981662072914, 0.0762133576168648, 0.07569059145053122, 0.033490538453351676, 0.22721362344936252, 0.04321157083102061, 0.16128249006928805, 0.00902379238046398, 0.18841640150647693, 0.01822283680475666, 0.19443939325975784, 0.3120037383511689, 0.3537280714161787, 0.4244977449756893, 0.32452592146082937, 0.34375639282588444, 0.38495235673086947], [0.008486607457977153, 0.0178529527088256, 0.02435573879671432, 0.08595898856409229, 0.3740600643256296, 0.37880925707332586, 0.39669059505137494, 0.2602869797101419, 0.28186988777539335, 0.41086402699134733, 0.3184056553562347, 0.2678746758231519, 0.6366609545505874, 0.6438243670510979, 1.0, 0.546586485679936, 0.42944474913057706, 0.4371346250270206, 0.39874767844341413, 0.4304142078096538, 0.38627129608220084, 0.42224663886117547, 0.3973536450488286, 0.4145360088310963, 0.003252167469437163, 7.331532363842395e-05, 0.007842402822579963, 0.0001411211188171381, 0.0910384230118897, 0.1331125543149941, 6.217960686339461e-06, 5.438020009682292e-05, 7.639424528316098e-05, 0.004179565206192761, 1.1094174083692361e-05, 0.014939836786295353, 0.0007549343175884126, 0.0022492860904380443, 0.01219436515293475, 0.0004514515390861308, 1.9021779470293062e-05, 0.008786388931365153, 0.0858672497222481, 0.10438700994679392, 0.028706106551861003, 0.02624115912932097, 0.010691275262213333, 0.1815466541126184, 0.013937391668860419, 0.09045906908459174, 0.000973882279069435, 0.11833047995165161, 2.4641963749647554e-05, 0.11451133709982433, 0.2685407430982129, 0.3166045087326988, 0.3937358436238936, 0.3394407868531106, 0.37339865868030386, 0.41119028320498086], [0.009316485944405099, 0.029195433747200086, 0.020767480591685622, 0.009125988037903031, 0.4155416144709206, 0.4729309333729035, 0.3608939633392175, 0.44093772103577555, 0.34521025418502765, 0.46393625818845324, 0.33010737402732404, 0.46355542041854636, 0.6849424937500336, 0.6876531126756243, 0.546586485679936, 1.0, 0.30132345090804163, 0.29880721860600534, 0.21234323654342557, 0.348219860153941, 0.23729277139154578, 0.29455101091278724, 0.20959500582325888, 0.32859707932919047, 0.04362338401793615, 0.023240844830122304, 0.014853606395222919, 0.004894345353548318, 0.0077624416290568606, 0.014158001700714806, 5.0320602403375154e-05, 8.890683708648235e-08, 2.6106548589434585e-06, 0.0011796703353859868, 0.0002318252272170096, 0.0074814653466817455, 0.00011996394086179292, 0.0014366193765839414, 0.006779018606766116, 6.899470694824776e-05, 0.0005419805363656734, 0.007895202664412295, 0.14291548401419868, 0.17210834253722154, 0.08621781718274178, 0.09185275051092368, 0.060230012078492996, 0.23872802605829352, 0.05667484114473773, 0.1733682128668283, 0.03149292074609537, 0.2191218655627818, 0.03596560033438602, 0.2223502323365964, 0.25513552521323507, 0.28234951301197725, 0.31565677081846066, 0.23316114237696048, 0.233849936955313, 0.2609175224603138], [0.012385641350415904, 0.012743223032325796, 0.03623393538797984, 0.09750870897280073, 0.385238997343326, 0.4098467311573772, 0.420350305980254, 0.2646494259204837, 0.3103771141890113, 0.44596165963253925, 0.3474175071506205, 0.26167038764050293, 0.32382046284540017, 0.4389425290155049, 0.42944474913057706, 0.30132345090804163, 1.0, 0.8279903299950424, 0.6645497181133121, 0.791782999274302, 0.6660708965954245, 0.6661569455347072, 0.6583804574460231, 0.6796405274500241, 0.007295725231005883, 0.0004100288292752696, 0.02598993210469336, 0.00017013561258050146, 0.09315178929038329, 0.15495315062786472, 2.4815347334639005e-07, 0.0002987477906162628, 0.00014815959173948673, 0.008169938441949623, 2.1638217105906734e-05, 0.019193753322614485, 0.0007503043279502728, 0.0017470534815909246, 0.012445642135134325, 0.0007244343692421032, 9.099328488865476e-05, 0.010959636922534752, 0.13395585890428108, 0.1697610388698431, 0.07910331088709491, 0.07292195042568986, 0.012714929025413197, 0.24884519522781162, 0.03498612152147451, 0.1704494792938485, 0.0001795001852003225, 0.17288198847511185, 0.002702693833597007, 0.16449196171535818, 0.422755547159421, 0.48597379659246587, 0.6088013263307047, 0.5404279373195745, 0.5942392330180901, 0.6666953256588647], [0.014332776604562211, 0.011501990276055422, 0.04118871821408412, 0.13267548433999252, 0.3605430320749492, 0.4550443815728478, 0.43765996741517105, 0.2644795889575027, 0.2594849281544949, 0.45807338701405437, 0.3315313807325723, 0.24423517071348408, 0.3429632830521577, 0.4151032307806435, 0.4371346250270206, 0.29880721860600534, 0.8279903299950424, 1.0, 0.6944922838741121, 0.8339311745181713, 0.6602283598247276, 0.7396324194399079, 0.6821166082163976, 0.6898199451335649, 0.00599555701815638, 4.741304385776701e-06, 0.03815784968275311, 5.752890865322959e-05, 0.11486503891815548, 0.18234801887179866, 4.4874888919866234e-05, 0.0007745986906407894, 0.00020882183788081504, 0.010887730584506929, 0.00017595577614994807, 0.018941400682196477, 0.000818742592784003, 0.001777821770282842, 0.012915673676239527, 0.0010068715031435805, 0.000189371246614293, 0.011209326673129972, 0.15994615078877333, 0.19128153306956908, 0.09141655674137443, 0.08152042626030583, 0.017338634149497014, 0.27925939652368387, 0.03885492605480633, 0.18789159162021044, 8.133721768198584e-05, 0.18953022936993144, 0.0024340077553967852, 0.17713379043381938, 0.43859476892010646, 0.5041350847184015, 0.642434475251075, 0.5569905366047079, 0.6180459636401031, 0.710097500644901], [0.018043169351806904, 0.013368926399963541, 0.05479271209676292, 0.1529338828294812, 0.3156645440145919, 0.3440439069220216, 0.43558656827179365, 0.18660021038939784, 0.22232309785573906, 0.37171766255055305, 0.3484795528055099, 0.1768855648093809, 0.2723519017954975, 0.36363262579942984, 0.39874767844341413, 0.21234323654342557, 0.6645497181133121, 0.6944922838741121, 1.0, 0.6108100391851682, 0.6604885653996466, 0.6695411106197979, 0.782154951163545, 0.6363692070172496, 0.0013396901682365572, 0.0005356444062416, 0.048170988609526275, 0.001103329808086896, 0.1554186395536209, 0.22994683768928, 9.823621560702031e-05, 0.0009327172216954759, 0.00019691043110695212, 0.008512932119522585, 8.906687730616392e-05, 0.01968341127099388, 0.00023213913379363944, 0.0016424616281480579, 0.012665567451153086, 0.001742473588504354, 0.0007037816800621349, 0.008357332690255716, 0.09551495512323634, 0.11259934496119088, 0.05075158202433744, 0.040082841078745234, 0.0033738694622056373, 0.18660708709316304, 0.013681775775720474, 0.11495317984936786, 0.007811949634817155, 0.12292188695649924, 0.0005936272382089851, 0.1144066533395871, 0.4060072164950804, 0.47406331329815504, 0.6215373037735094, 0.5187389416327044, 0.5807424668820147, 0.6705320250790076], [0.021386539597226636, 0.02172847021231817, 0.03541486580176505, 0.10079931055703384, 0.37898897417570476, 0.47068808681133834, 0.4159718512328124, 0.3130573512669709, 0.28360308585574856, 0.474502882133631, 0.3320211703296502, 0.2847463860244919, 0.3607526126413717, 0.43662570055000754, 0.4304142078096538, 0.348219860153941, 0.791782999274302, 0.8339311745181713, 0.6108100391851682, 1.0, 0.6079544368927428, 0.6727907958900758, 0.6045759879615381, 0.6670276499972114, 0.004519534998348326, 0.00023337592301906967, 0.03248694905526463, 0.00022366218958395846, 0.10719487459005146, 0.16114442699907439, 1.9952803833756705e-07, 0.00032219876254064125, 4.2298452256803785e-05, 0.006250876677076295, 1.9737673423153613e-07, 0.02081212130557644, 0.0005457552368162986, 0.001933781565554573, 0.012883623556289522, 0.0007353322361527651, 4.488917665435244e-05, 0.01115322766201575, 0.14995549380808867, 0.1808155975700995, 0.08207907563567625, 0.0748244837211816, 0.01671957993387403, 0.2660996554950077, 0.0340743405345636, 0.17357269890409485, 9.969084934621009e-05, 0.18400545380320982, 0.001928290165452097, 0.17226121980277856, 0.4126252113856893, 0.4764212280229068, 0.5926591701274022, 0.5127098577939743, 0.5641008721742399, 0.6481057357359875], [0.010331511066831287, 0.01063903385505274, 0.047335437731018545, 0.0943599760676896, 0.36987578613896804, 0.3517323075987098, 0.372574075607173, 0.20635657867416973, 0.25978970952988006, 0.35631545911159396, 0.2821358022382605, 0.17261565046157967, 0.2545396642894795, 0.3859282056952618, 0.38627129608220084, 0.23729277139154578, 0.6660708965954245, 0.6602283598247276, 0.6604885653996466, 0.6079544368927428, 1.0, 0.7822172956014831, 0.7540540741721186, 0.7993960961405809, 0.000716490197480278, 0.002776849686392275, 0.05532677608699044, 0.001107155179994469, 0.13786898554064794, 0.21238386889870606, 2.852889924596862e-07, 0.00034018702014720713, 0.00012750792642066288, 0.006676837054980915, 1.9549626144525367e-05, 0.023978324180239225, 0.0010923387231701485, 0.0019324513596821822, 0.014005868166916326, 0.0008120189708441263, 0.00015798641766577226, 0.011534219000673918, 0.11823218764603168, 0.15095261931915716, 0.047481413481802376, 0.045758496178590784, 0.005476894453036198, 0.206534799928664, 0.015628449432514624, 0.12159713181510855, 0.0030958803221275482, 0.10390148870466533, 9.376086166622932e-05, 0.0902452053466724, 0.3915452124912172, 0.4624684650628459, 0.6156109101528139, 0.5063471664956242, 0.5737544880654405, 0.6770814092985844], [0.011721815086706824, 0.008814173246631689, 0.0432282998401962, 0.12444972623010699, 0.34625419604421315, 0.4627218216773568, 0.398731156160291, 0.24162018470483654, 0.23786288100349146, 0.4659505413696701, 0.2935950044925347, 0.2138158756945725, 0.31777510753246374, 0.4050484073027544, 0.42224663886117547, 0.29455101091278724, 0.6661569455347072, 0.7396324194399079, 0.6695411106197979, 0.6727907958900758, 0.7822172956014831, 1.0, 0.7493866477278092, 0.8486624361212848, 0.002857463630047667, 0.0004902786504441013, 0.049706319234883396, 0.0009731461872280118, 0.1311706777225841, 0.20448966315107653, 7.307811198240616e-05, 0.0008789992867545089, 0.00020485101065023819, 0.010670581357033077, 0.0002795402322799044, 0.02070894552222362, 0.000781803012297997, 0.0015718727583991661, 0.0128437708548396, 0.0012627306042677633, 0.0003853549834892215, 0.0104244005964995, 0.14048701654355142, 0.16972832810377472, 0.06376055619902252, 0.05698816687534612, 0.012609677573677066, 0.23057320207376716, 0.026525340864923332, 0.14349778900986962, 0.0008308046246108956, 0.1338520866803342, 0.0008269330743152648, 0.11724047954879477, 0.43881605906453175, 0.5140286904890086, 0.6641622592634436, 0.5756693909887721, 0.6448678728735927, 0.7314877106239225], [0.017367991359332834, 0.01648502478534602, 0.06371497163474323, 0.09515876065068331, 0.3368800106895465, 0.35281504579491035, 0.4393265114926033, 0.182614462503968, 0.21881402087796795, 0.37680360450827527, 0.3568929673074998, 0.166419867666338, 0.2571067607751345, 0.37853386546861134, 0.3973536450488286, 0.20959500582325888, 0.6583804574460231, 0.6821166082163976, 0.782154951163545, 0.6045759879615381, 0.7540540741721186, 0.7493866477278092, 1.0, 0.7242726863626848, 0.0036970062121352287, 0.0004340534357160294, 0.04432002059806014, 0.0019249738630642494, 0.12956944519106475, 0.20752632690954767, 9.193963145783188e-05, 0.000376570509605226, 9.362306255892705e-05, 0.005891070165608292, 6.836336407917592e-07, 0.025448694199314625, 0.0005853137293219456, 0.0018756152944678177, 0.01432394537274074, 0.0009037661939814346, 0.0003393848583114494, 0.010703228507608168, 0.1158551551101737, 0.14456336212368198, 0.05848949174921073, 0.05117967182639681, 0.0011869964899447302, 0.20609345474064347, 0.016200957500861913, 0.13563115807009232, 0.003188760165082405, 0.13499409109052296, 0.0005280830978417992, 0.12335916368399143, 0.39353036985020406, 0.46734472106444597, 0.6396381449285197, 0.5339615920431429, 0.6012554409113506, 0.7111618123322488], [0.012524569361759668, 0.015616635393909842, 0.053068906642975415, 0.10509869385247396, 0.3655862431058626, 0.43794329519842246, 0.3906244696642111, 0.2757985191018815, 0.2690708277259449, 0.4575694851034167, 0.3045213797378608, 0.260257778531101, 0.3220698635406384, 0.43958539480865944, 0.4145360088310963, 0.32859707932919047, 0.6796405274500241, 0.6898199451335649, 0.6363692070172496, 0.6670276499972114, 0.7993960961405809, 0.8486624361212848, 0.7242726863626848, 1.0, 0.002071666471731532, 0.001166750404660417, 0.046298961885222624, 0.0006697580111171585, 0.12327189613488511, 0.20060189908140239, 5.49166518816224e-06, 0.0004806002349076866, 0.00011318806053872384, 0.006951092464506857, 1.9846553205109095e-05, 0.02264075533244064, 0.0005650399513848694, 0.0017012477081269819, 0.012986163340563054, 0.0010749575065588908, 0.0002221867303317782, 0.009710847735031402, 0.13225824848358259, 0.1571369325707153, 0.061095640084382535, 0.05261383234353393, 0.01138945834498096, 0.21587619571346747, 0.021082481132683923, 0.13378093197263663, 0.0014727978345004536, 0.12371789766350796, 0.00032307738856902934, 0.10872220071315877, 0.43200068134909614, 0.5051522092120857, 0.6529902952030102, 0.5433698845553925, 0.6048375594761516, 0.7011866360056601], [0.005008040071346314, 0.0015138074528603168, 0.001183888120040092, 0.027537005994435912, 0.042135777012637814, 0.04275182722403977, 0.041364908455013706, 0.05377267165422121, 0.03649728815398288, 0.03437069947757422, 0.029160625383666074, 0.04255299789892913, 0.012883686451848907, 0.028125412046631736, 0.003252167469437163, 0.04362338401793615, 0.007295725231005883, 0.00599555701815638, 0.0013396901682365572, 0.004519534998348326, 0.000716490197480278, 0.002857463630047667, 0.0036970062121352287, 0.002071666471731532, 1.0, 0.39203398857018384, 0.3222588737056649, 0.11290818269889812, 0.25110029289725727, 0.2252033605627046, 0.0003279536171861274, 8.522777485428004e-05, 0.00035357891974763846, 0.0010749677231332228, 0.00021401586898393425, 0.0006534609191659306, 0.0007260224073947464, 3.198354089643244e-08, 7.400195636321014e-06, 0.0006839462242322478, 0.0002960348028897014, 0.00023870530798644773, 0.09051537928216796, 0.12116903542180428, 0.11074583830558558, 0.14004854914400713, 0.10242369112649836, 0.08884492560607375, 0.15345818163349673, 0.13715150528132544, 0.22836446564690516, 0.16679916184203158, 0.24039894178880006, 0.17428584746833375, 0.01844787544901315, 0.013838750928960551, 0.009345897497050927, 0.012523059561946513, 0.006427797047952862, 0.004430251946534494], [0.009076913685685141, 0.007456117857884332, 0.004800951593943342, 0.027164640502261774, 0.017572603817745384, 0.01997210209026055, 0.018589422036757695, 0.028942380493072815, 0.041986643846351465, 0.03259330246540187, 0.02888079188181438, 0.04881028131334896, 0.0018826395070290537, 0.011239901625221226, 7.331532363842395e-05, 0.023240844830122304, 0.0004100288292752696, 4.741304385776701e-06, 0.0005356444062416, 0.00023337592301906967, 0.002776849686392275, 0.0004902786504441013, 0.0004340534357160294, 0.001166750404660417, 0.39203398857018384, 1.0, 0.40818816345534875, 0.17749068509235752, 0.3499934614330608, 0.31683700280614147, 0.00041739576767645445, 0.0005420164474004593, 7.293457729574257e-05, 0.00042230959774081664, 1.5228570849405137e-05, 0.0013766085976873739, 0.0008265070155843397, 5.692883408059287e-06, 4.853322515885453e-05, 0.0007882604079347278, 0.00022077370445158505, 5.18944563221329e-07, 0.05237775571751697, 0.07790858565803437, 0.08413383043770256, 0.10542565959763353, 0.08809769480810985, 0.05226558038410333, 0.15201771262210495, 0.09872634850577021, 0.2259075987834358, 0.13035851944610896, 0.24601163981632357, 0.1334357593900769, 0.009610455355931394, 0.005042641772816041, 0.001412419890468203, 0.003389597892477123, 0.0004427394505913104, 1.2742102572606007e-05], [0.01003221925535664, 0.0004659169317390457, 0.004671766123888633, 0.08048212168308384, 0.001431044312621299, 0.00030400420444910595, 2.2119776327214788e-07, 0.008923173920750219, 0.008420526702332082, 0.0009130455232619483, 0.00294743724632554, 0.01964636065890398, 0.00011365345643902365, 0.0011862012076337542, 0.007842402822579963, 0.014853606395222919, 0.02598993210469336, 0.03815784968275311, 0.048170988609526275, 0.03248694905526463, 0.05532677608699044, 0.049706319234883396, 0.04432002059806014, 0.046298961885222624, 0.3222588737056649, 0.40818816345534875, 1.0, 0.13525923507350252, 0.3731498396125592, 0.3763737923845909, 0.002336487924339136, 0.003747091313833481, 0.0001571457193595672, 0.0018191167453525305, 0.0009245341459713828, 0.002696551900461403, 0.0016546239523922296, 0.0001039653787235684, 9.921477214783806e-05, 0.003302427588708202, 0.0017488803621397819, 3.295987212249171e-06, 0.014191465421966684, 0.02200513211051443, 0.05427443994148256, 0.06765937999118346, 0.048729803075751546, 0.009133918941977973, 0.10141983595548924, 0.05096681352470617, 0.18761749914171608, 0.0645690074898809, 0.2239930936907899, 0.08204694924361218, 0.0009599290474607063, 0.005177034542920461, 0.016921670371934722, 0.012214798596076406, 0.026160789015799518, 0.036268844943975316], [0.005134128638050105, 0.008364493023711544, 0.006161644679321708, 0.003936105589132247, 0.007958893367788423, 0.004686132552040887, 0.0035681610202290296, 0.010109888379341295, 0.013866948049782375, 0.004677897975430128, 0.005862171996195083, 0.01201470191003977, 9.016970450041215e-06, 0.0020666447878413493, 0.0001411211188171381, 0.004894345353548318, 0.00017013561258050146, 5.752890865322959e-05, 0.001103329808086896, 0.00022366218958395846, 0.001107155179994469, 0.0009731461872280118, 0.0019249738630642494, 0.0006697580111171585, 0.11290818269889812, 0.17749068509235752, 0.13525923507350252, 1.0, 0.1821765717803631, 0.16985050695210016, 9.282875678047489e-05, 1.0599074518869133e-05, 0.00029792057418107174, 0.0023408070593414878, 0.00019489017211803188, 0.001012839320089565, 0.0009759583334662514, 3.6670415984147464e-05, 5.308045805545556e-05, 0.00041324675658671264, 0.00020056741654884825, 1.606286859543382e-06, 0.014732307745998466, 0.030408539164602722, 0.04608528545427419, 0.05394383064546733, 0.04671693794397584, 0.019394709137232152, 0.0995282316368187, 0.05013929152169623, 0.13580217920799906, 0.06404224172770365, 0.15693403333038128, 0.06896343083757894, 0.0013271254636112904, 0.00037630921910638437, 2.6659752818227038e-05, 0.0037831866479048275, 0.0008291790790503606, 0.0003955300311001388], [0.023856233935577367, 0.012771554479305572, 0.0217110559208587, 0.13951568480170196, 0.01176414469922996, 0.02049771145274605, 0.027657543192319257, 0.00151082209290885, 0.003289904486429626, 0.023075801764112835, 0.013269595479925202, 0.0014017064849266762, 0.04090239671127224, 0.03269098828095921, 0.0910384230118897, 0.0077624416290568606, 0.09315178929038329, 0.11486503891815548, 0.1554186395536209, 0.10719487459005146, 0.13786898554064794, 0.1311706777225841, 0.12956944519106475, 0.12327189613488511, 0.25110029289725727, 0.3499934614330608, 0.3731498396125592, 0.1821765717803631, 1.0, 0.813561879986385, 0.004334598608575279, 0.006114214633374885, 0.0011579117989279986, 0.004327506724913684, 0.0019289735798814435, 0.003061742534085427, 0.004129731309541161, 0.0006465961575210071, 0.00011725868348643067, 0.00897442575394838, 0.005794238938697795, 0.0002493166890294962, 0.009917920773790431, 0.015617681246677225, 0.03524579583816987, 0.046588562368074016, 0.04212709539897455, 0.0008562864863387343, 0.08648126745130646, 0.019276380119169656, 0.2386985224577292, 0.03288782092914962, 0.24210450625998994, 0.037819093175905254, 0.03619793378431614, 0.05847947388134255, 0.09681511133691538, 0.0695482226565994, 0.10020907665707161, 0.12234506789456387], [0.01924470507017372, 0.009455321862478864, 0.031841641339907946, 0.1791672837117864, 0.026678371928056267, 0.03869982765351714, 0.054701513793026756, 0.005820133766240325, 0.012412199843952107, 0.04380873186206896, 0.030400097702100556, 0.003479438877615112, 0.0583634653164088, 0.05752227456433105, 0.1331125543149941, 0.014158001700714806, 0.15495315062786472, 0.18234801887179866, 0.22994683768928, 0.16114442699907439, 0.21238386889870606, 0.20448966315107653, 0.20752632690954767, 0.20060189908140239, 0.2252033605627046, 0.31683700280614147, 0.3763737923