[{"spl_Ef": [47.974, 239.0], "hex_Ef": [505.53, 681.0], "tet_Ef": [722.44, 31.0], "vac_Ef": [388.02, 18.0], "spl_c11": [143.58, 171.63], "spl_c12": [229.52, 184.35], "spl_c44": [192.87, 135.0], "spl_bulkmodulus": [180.13, 221.01], "hex_c11": [614.14, 613.63], "hex_c12": [700.08, 626.35], "hex_c44": [663.43, 577.0], "hex_bulkmodulus": [650.69, 663.01], "tet_c11": [584.04, 158.63], "tet_c12": [669.98, 171.35], "tet_c44": [633.34, 122.0], "tet_bulkmodulus": [620.6, 208.01], "vac_c11": [392.63, 144.93], "vac_c12": [464.83, 145.41], "vac_c44": [392.63, 681.0], "vac_bulkmodulus": [429.22, 83.0], "super_c11": [113.79, 421.0], "super_c12": [490.79, 616.0], "super_c44": [256.79, 70.0], "super_bulkmodulus": [708.11, 512.0], "spl_a": [30.367, 356.0], "hex_a": [708.93, 434.0], "tet_a": [730.83, 96.0], "vac_a": [45.415, 174.0], "unit_a": [98.95, 561.64], "super_a": [170.16, 551.0], "L1_frequency": [595.61, 57.0], "L1_mean": [98.233, 486.0], "L1_max": [474.16, 484.39], "L2_frequency": [528.55, 554.08], "L2_mean": [538.42, 490.18], "L2_max": [471.14, 543.02], "L3_frequency": [114.61, 668.0], "L3_mean": [137.23, 301.64], "L3_max": [208.44, 291.0], "L4_frequency": [114.61, 70.0], "L4_mean": [599.41, 447.0], "L4_max": [276.14, 681.0], "Interstitial_RE_A": [245.43, 480.71], "Interstitial_RE_M": [318.83, 448.96], "Vacancy_RE_A": [331.79, 355.2], "Vacancy_RE_M": [337.66, 394.53], "Interstitial_RE_E": [595.41, 314.63], "Interstitial_RE_F": [263.89, 404.16], "Vacancy_RE_E": [681.34, 327.35], "Vacancy_RE_F": [283.01, 366.11], "Interstitial_enhanced_E": [644.7, 278.0], "Interstitial_enhanced_F": [288.92, 429.26], "Vacancy_enhanced_E": [631.96, 364.01], "Vacancy_enhanced_F": [360.23, 422.07], "bulk_free_energy": [283.92, 612.93], "bulk_entropy": [356.12, 613.41], "bulk_heat_capacity": [320.51, 551.0], "vacancy_free_energy": [432.97, 246.75], "vacancy_entropy": [370.99, 213.0], "vacancy_heat_capacity": [369.99, 287.65]}, {"L2_mean": [538.42, 490.18], "Vacancy_RE_A": [331.79, 355.2], "Interstitial_RE_A": [245.43, 480.71], "hex_c44": [663.43, 577.0], "bulk_entropy": [356.12, 613.41], "unit_a": [98.95, 561.64], "spl_bulkmodulus": [180.13, 221.01], "L3_max": [208.44, 291.0], "vac_bulkmodulus": [429.22, 83.0], "tet_c11": [584.04, 158.63], "vacancy_free_energy": [432.97, 246.75], "Interstitial_enhanced_E": [644.7, 278.0], "spl_Ef": [47.974, 239.0], "hex_Ef": [505.53, 681.0], "tet_Ef": [722.44, 31.0], "vac_Ef": [388.02, 18.0], "vac_c44": [392.63, 681.0], "super_c11": [113.79, 421.0], "super_c12": [490.79, 616.0], "super_c44": [256.79, 70.0], "super_bulkmodulus": [708.11, 512.0], "spl_a": [30.367, 356.0], "hex_a": [708.93, 434.0], "tet_a": [730.83, 96.0], "vac_a": [45.415, 174.0], "L1_frequency": [595.61, 57.0], "L1_mean": [98.233, 486.0], "L3_frequency": [114.61, 668.0], "L4_frequency": [114.61, 70.0], "L4_max": [276.14, 681.0]}, [[1.0, 0.09668348123783967, 0.1411590655717969, 0.001638893799044525, 0.04480435322931075, 0.035599096058510075, 0.04890349565488352, 0.03838360609129194, 0.04284141966120013, 0.04421977716551517, 0.047204169295409264, 0.04272346994981829, 0.02136232481939699, 0.03324790629895623, 0.02081839510834015, 0.028790332045413983, 0.034898824813620985, 0.01808923821677938, 0.03276875125370012, 0.025659216074510823, 0.022590676490446642, 0.0125620164613142, 0.055802993933943244, 0.04179220376965696, 0.023834560062961772, 0.03865455907075187, 0.03189771820550479, 0.012262402668629137, 0.024424141177580336, 0.022998470435833175, 0.0005128384248224795, 0.00033050409045100884, 0.015854989363536943, 0.011059816725205519, 0.005034510064871981, 0.014231700681274252, 0.012780695265997618, 0.008061599473662298, 0.006639788512028585, 2.271386351630793e-05, 0.0013018143837540234, 0.00012510694875334243, 9.666191359344216e-05, 0.007889414137456443, 0.0365719617057284, 0.04293993687969037, 0.02498968527750446, 0.010321118732032725, 0.04063017413752087, 0.031433865102214874, 0.08270202227083324, 0.02015481221699025, 0.08762576906596391, 0.04564610354673287, 0.03243587302324346, 0.02913516730131061, 0.023990174024739158, 0.012070101382277, 0.009815545318970192, 0.021471435841347173], [0.09668348123783967, 1.0, 0.18201713088831706, 0.0063071279159327455, 0.026621649372768386, 0.02318248534234267, 0.03815971466487477, 0.023234999069666726, 0.05016903554606077, 0.04893070337514783, 0.04772947236525349, 0.045364716384158905, 0.02364075155995958, 0.01761675668378726, 0.0216947874787198, 0.02774915357780866, 0.020908673789568972, 0.019499563827405985, 0.02254735954289822, 0.02017051301454028, 0.0024191047601275196, 0.007681984578327373, 0.02200177005187436, 0.012697840390540043, 0.004138002552766928, 0.02513448737921751, 0.013523800077095641, 0.0011191430825127165, 0.0015307377861943589, 0.0014016761247764651, 0.003592819062511715, 0.002729277222102567, 0.02264556808865944, 0.016344947387480276, 0.015704656560802034, 0.015517711869858486, 5.28545080870802e-07, 0.0012409631184375695, 0.0068458322782945676, 0.006106697711104811, 0.010596365499743493, 0.004461825474531778, 0.008576564521294266, 0.008889208215018289, 0.03224056542106041, 0.03000992642572348, 0.021648883508088468, 0.015399956273202784, 0.052423768284456475, 0.016520487294543168, 0.04742173736567382, 0.03596285296411404, 0.06220872951495742, 0.04328677346430265, 0.027284366428374777, 0.027030063245415136, 0.028846022236532223, 0.026430980135957315, 0.02256879184883114, 0.02863212164314898], [0.1411590655717969, 0.18201713088831706, 1.0, 0.0002545093877820521, 0.025314682455296535, 0.028214309104880854, 0.02174658425559043, 0.03550124446225147, 0.020246546020966472, 0.033578132737085396, 0.023868827500530262, 0.030101688525011043, 0.020403722541485737, 0.015307502850786912, 0.01147890643014297, 0.014649934534304167, 0.019970456769886492, 0.01936985753955193, 0.00087899208289868, 0.03132321833548808, 1.950833837217465e-05, 0.023132390671563988, 0.0002302603209174554, 0.01733607369513475, 1.3742118062813792e-06, 0.006606768624382277, 0.0007922720733160714, 0.0035191951443351273, 1.831674902889495e-05, 4.491298774824022e-06, 0.016924392513883637, 0.026152979445142915, 0.022341901640870306, 0.025881974543221928, 0.030854096064084704, 0.023405031489618287, 0.026876437303207656, 0.06836635488792947, 0.058812016528934474, 0.015115239569188912, 0.017561489288030203, 0.013443768558242935, 0.00370164050198999, 0.018816911945606914, 0.06837899683643536, 0.07103403448708182, 0.002223939412105217, 0.017274443832430313, 0.05662637396758557, 0.05456438557370883, 0.01822279229457913, 0.024732090049078503, 0.043401795017618226, 0.04348418869140587, 0.005096989053067942, 0.004758086307434307, 0.005824946823017641, 0.01510100009975944, 0.01321362183114653, 0.015815388424730577], [0.001638893799044525, 0.0063071279159327455, 0.0002545093877820521, 1.0, 0.09795464318137638, 0.14441344831441572, 0.08172166046278623, 0.12278901908408839, 0.08028997168845625, 0.10850887615551716, 0.06715063048466403, 0.10432641088861189, 0.0479227734256969, 0.06288809555131882, 0.028904822365820402, 0.07395470018893098, 0.09481437790795358, 0.0849899122262365, 0.018313118470912243, 0.06957241972114445, 0.005599593337386804, 0.12115247045038405, 0.031785583601543224, 0.08788033823111015, 0.08723286352173017, 0.12079130556762006, 0.07084226635120926, 0.19201352907430486, 0.1362501255437311, 0.13511348614435414, 0.086530529198299, 0.024011733867898764, 0.1374957133810793, 0.2517562609072934, 0.1385711483376959, 0.16419829036632103, 0.0008326542533469353, 0.03472477053284428, 0.02301092635610497, 0.11359853635262986, 0.11388520919653215, 0.06021294462013762, 0.11661338147471836, 0.08055489388555094, 0.1300478238092169, 0.09273001469625161, 0.13138055277422142, 0.036804505141579485, 0.12115982625012761, 0.07180508856384292, 0.15873250101995123, 0.05570263845726227, 0.16629316314154594, 0.034896887733907964, 0.11628716146058439, 0.1257038310695386, 0.12311575807748297, 0.12074213376435879, 0.12177987902027132, 0.12391010095163807], [0.04480435322931075, 0.026621649372768386, 0.025314682455296535, 0.09795464318137638, 1.0, 0.7657940709600254, 0.7702098436172854, 0.8331509893723936, 0.36738753485514547, 0.358744507888547, 0.2620185779318162, 0.3782626534464007, 0.36934487164215873, 0.44085242808649305, 0.3308864784339645, 0.43250762960101935, 0.34553673297675624, 0.2501844083514033, 0.24169371747193166, 0.30447533686819384, 0.07424319823679766, 0.14578704224374175, 0.11030152042323435, 0.18261102225015025, 0.2529411661473171, 0.13882484168709583, 0.17930348129956564, 0.1129705319130462, 0.07027275311411205, 0.07069397553376221, 0.020787842269088863, 0.0031590332121564264, 0.06638757267039481, 0.09315841952410411, 0.03777365442304491, 0.07720480769119328, 0.00027504548481209316, 0.005503753788350152, 6.055279947763833e-08, 0.030627813338542132, 0.023507695232017373, 0.00031849030186276097, 0.38918296435429606, 0.3832716083574642, 0.40027928233675153, 0.3695078835998965, 0.3361058592605277, 0.36056160157364947, 0.2935197061075092, 0.3835440265501542, 0.38424273148666727, 0.44159513875063916, 0.3784247289222519, 0.4072393043173688, 0.2515207011542236, 0.2603722326988318, 0.34085595806113117, 0.21881042136920237, 0.21765991704900278, 0.26887232076123113], [0.035599096058510075, 0.02318248534234267, 0.028214309104880854, 0.14441344831441572, 0.7657940709600254, 1.0, 0.7463192980789807, 0.8830317580320602, 0.3344105980114682, 0.4634110320777429, 0.2835009204093427, 0.4229546884708085, 0.38275252219984623, 0.3821789576526585, 0.2981463575558598, 0.4667069840101023, 0.37986311545673684, 0.3628623176664655, 0.22019374999166122, 0.40874679972827876, 0.03892881865133457, 0.3395681737590658, 0.10366546156787271, 0.2417329828913196, 0.2823042915355259, 0.18337977121108218, 0.18681686424031654, 0.12160348980572594, 0.10527433274639737, 0.10359648351525487, 0.04040479750315724, 0.01089395867756128, 0.08673649692677748, 0.12731643869485765, 0.05031390986685613, 0.08238300594977004, 8.277925803344696e-07, 0.012120585655055149, 0.0009551906947872628, 0.04560685894728381, 0.036737337447583555, 0.002371249833557049, 0.41840846464971937, 0.4119140252931767, 0.48418029622454384, 0.4529233845030979, 0.3458513142295494, 0.381729892314479, 0.353727394972977, 0.453687613475505, 0.4201479048586494, 0.46668171031242944, 0.43325718232386784, 0.4582888482971326, 0.29071559043469763, 0.30097976783955516, 0.35599525614444877, 0.27630360047746466, 0.27932815340185657, 0.3303804251542509], [0.04890349565488352, 0.03815971466487477, 0.02174658425559043, 0.08172166046278623, 0.7702098436172854, 0.7463192980789807, 1.0, 0.7469136660454255, 0.32981685241871533, 0.3722590111143076, 0.358955457388203, 0.3621792765546919, 0.35786664252438355, 0.40402662191736166, 0.3139144529599623, 0.3867314663767581, 0.26693992275849615, 0.2287454666399645, 0.3454027680802046, 0.26349685591056277, 0.010340666718003962, 0.10618533750203654, 0.2272676320184724, 0.08348541662413228, 0.3202240266296466, 0.20932688055376658, 0.25399970484378964, 0.0898276224517523, 0.08915097708751517, 0.08918897921004901, 0.031606406810172336, 0.0015122228011891724, 0.0683757526484224, 0.11042418612773477, 0.04615644084669464, 0.0892839256051025, 0.004679852945479443, 0.0003257809688397659, 0.0013660831705113983, 0.04430496629097817, 0.027395226725195055, 0.0009263107591237414, 0.40446790375481684, 0.3512542592839501, 0.4232041545486801, 0.38894175350371657, 0.31669168980824197, 0.3360839384891773, 0.276079722538363, 0.385467382538496, 0.398430201359334, 0.4559134373336415, 0.3887515692120538, 0.4399589193817636, 0.32680320521589096, 0.3296972295626235, 0.4027891803539732, 0.2632802591686658, 0.2658695735403125, 0.33737102858461815], [0.03838360609129194, 0.023234999069666726, 0.03550124446225147, 0.12278901908408839, 0.8331509893723936, 0.8830317580320602, 0.7469136660454255, 1.0, 0.3523218727793345, 0.43423488440884256, 0.27487221428118347, 0.43880661069866245, 0.38797725210472717, 0.4259635206108791, 0.31302338903837895, 0.49145599361328135, 0.38930042747187404, 0.3409491375740546, 0.23857072597983053, 0.4075024425828455, 0.05232767273102342, 0.26637908637313396, 0.1006662276594536, 0.2457952477279126, 0.255369626421992, 0.16282071965534944, 0.18186345095643622, 0.12130849850873372, 0.08798516404511518, 0.08752332178991117, 0.027859810567415932, 0.006945407379594756, 0.07596924484678434, 0.11120259891445396, 0.04524364420466945, 0.08142401348717063, 0.0003584700803068715, 0.013126839063713654, 0.0010237711261643038, 0.04081891168594816, 0.034845687356714776, 0.0027288136479507877, 0.4207850138871215, 0.41451628403312624, 0.45427129280347084, 0.4238212338090348, 0.346594230010738, 0.3850524091848331, 0.3340470231315049, 0.42643071292350876, 0.42262516509884085, 0.464828510097028, 0.42749336961728907, 0.44363617847023684, 0.2683968883062523, 0.27759862566122157, 0.34308472198870904, 0.2494029069164406, 0.2502856546522059, 0.30518369710184196], [0.04284141966120013, 0.05016903554606077, 0.020246546020966472, 0.08028997168845625, 0.36738753485514547, 0.3344105980114682, 0.32981685241871533, 0.3523218727793345, 1.0, 0.8382084177019329, 0.8078100218519924, 0.8846519194458596, 0.33985002692382066, 0.4281482296108917, 0.338674055951789, 0.42719476470568435, 0.302861030629549, 0.2376601332715482, 0.2198157941989086, 0.2370385000653082, 0.060374007145638786, 0.1082872300859522, 0.07681630123251512, 0.14608458027187946, 0.11326666229889, 0.27280399889971835, 0.19283683521803066, 0.1285184929443764, 0.0673970601866572, 0.06637271290403411, 0.024538961165308484, 0.0055559440916774635, 0.0516202272124127, 0.10295808334550398, 0.04552003407638337, 0.07805761223432137, 0.00025101876455116894, 0.0048012121109544574, 0.0006938853160820732, 0.03871303753943843, 0.03481038318435846, 0.00930489222140977, 0.34020797932246477, 0.31150030729553, 0.30657228201839054, 0.2880232553748967, 0.20588907849722518, 0.2787032667336243, 0.18735977540177268, 0.2954111272087518, 0.31396374558921325, 0.34435938500235846, 0.3064082679650208, 0.33797635897601846, 0.18876233229224781, 0.19389254081136054, 0.255119735303212, 0.1502287994403595, 0.15028607650923356, 0.1741087939057244], [0.04421977716551517, 0.04893070337514783, 0.033578132737085396, 0.10850887615551716, 0.358744507888547, 0.4634110320777429, 0.3722590111143076, 0.43423488440884256, 0.8382084177019329, 1.0, 0.8258076354508819, 0.9410356160311494, 0.41460750122237405, 0.46179598785061127, 0.35829036176391127, 0.5260621438438349, 0.3468575128132984, 0.33636023885069916, 0.24264527688856832, 0.34337898014240315, 0.02608513810771184, 0.2488775422262828, 0.09317730307458098, 0.19306627114744748, 0.13886774913722363, 0.3117774902801244, 0.22378920261267057, 0.13901688974466714, 0.08906682833232718, 0.08774476823044725, 0.03480679287708029, 0.011081101283384565, 0.08238554859858364, 0.15301746409793054, 0.07521478716813833, 0.11267002000487614, 0.00032719363997082767, 0.013820225353159969, 0.003756648032761888, 0.05421437663753263, 0.05579177111631071, 0.01234624095390816, 0.3972037669889181, 0.3693625636544121, 0.41289508375419937, 0.38097582477515307, 0.24262563514825114, 0.33154814398215315, 0.26234718030074744, 0.3797217186199468, 0.38583854673169865, 0.4193956982775922, 0.3924944873226376, 0.42031908650570265, 0.2388136957456009, 0.24883135000087994, 0.3034367655507671, 0.21902665340020766, 0.2239032781294945, 0.25429317081001857], [0.047204169295409264, 0.04772947236525349, 0.023868827500530262, 0.06715063048466403, 0.2620185779318162, 0.2835009204093427, 0.358955457388203, 0.27487221428118347, 0.8078100218519924, 0.8258076354508819, 1.0, 0.8356566471942303, 0.33843614594083493, 0.3979940376751248, 0.3154188077098756, 0.3865262669440997, 0.23967881023032397, 0.22224745293401402, 0.2679376972933812, 0.2009504263078059, 0.0029348341474389806, 0.07179630352329214, 0.158449566322606, 0.061495638222566124, 0.1381235936345707, 0.3126036997866498, 0.2407746621964878, 0.11432970782114121, 0.07689339412041518, 0.07639549624792114, 0.030080841631761154, 0.006947959057899502, 0.07447777527123463, 0.14719013556700716, 0.06267585424228181, 0.10838422932400031, 0.0006187908950715904, 0.0022311984467471135, 0.0001872088827686054, 0.04800524939669197, 0.04092084500911709, 0.006582055787780737, 0.34493960871517876, 0.2879086721235665, 0.3305504589458182, 0.3026283944125195, 0.18825576030342092, 0.27190055327261103, 0.1838454530446169, 0.30566654233863794, 0.3096961710353908, 0.35789572968140837, 0.3072136428377141, 0.3740127642568576, 0.22498230462306854, 0.23208465308576393, 0.2873322251910786, 0.1838614575767683, 0.1880635492345299, 0.22465986720885348], [0.04272346994981829, 0.045364716384158905, 0.030101688525011043, 0.10432641088861189, 0.3782626534464007, 0.4229546884708085, 0.3621792765546919, 0.43880661069866245, 0.8846519194458596, 0.9410356160311494, 0.8356566471942303, 1.0, 0.4031699575296732, 0.4761127666990001, 0.3611120858965265, 0.5205683253411012, 0.3622804861714916, 0.32658412762465805, 0.24660385358643286, 0.32886869891523557, 0.03650298226313764, 0.18049956176847667, 0.07983198499535754, 0.1914310686413413, 0.1275393263662919, 0.28871314603521175, 0.21089904207860202, 0.1399823781777631, 0.07584192817278146, 0.07565488249762424, 0.024853296848477133, 0.009867919469361285, 0.07471567386283168, 0.14017725150718247, 0.06628442284696746, 0.10103045722586151, 0.0008668651576483734, 0.013999582324109087, 0.003395566400094561, 0.04852975470719721, 0.05189802384233456, 0.011005620850091527, 0.39386788627171687, 0.36754817026752823, 0.39438380926656463, 0.3623907332826336, 0.23382627204136264, 0.33573958775277674, 0.2455473287303677, 0.36731337459335384, 0.36735937000678714, 0.41188671318944675, 0.3703163581184273, 0.41444016708804876, 0.2161245134829149, 0.2232179153253321, 0.2852038504837021, 0.19588876763197888, 0.1971952549813807, 0.2283964777548063], [0.02136232481939699, 0.02364075155995958, 0.020403722541485737, 0.0479227734256969, 0.36934487164215873, 0.38275252219984623, 0.35786664252438355, 0.38797725210472717, 0.33985002692382066, 0.41460750122237405, 0.33843614594083493, 0.4031699575296732, 1.0, 0.8055973170340139, 0.8232483808743633, 0.8233879330996675, 0.26967933685651413, 0.27200123212648747, 0.186162258071867, 0.27300435088856556, 0.0045354206401770035, 0.11602319562387672, 0.05063079144869753, 0.0852743340618646, 0.14967018839452043, 0.11815769091520997, 0.2512307271406677, 0.0537423962390369, 0.03150928240647985, 0.03064598362213384, 0.020331162416208446, 0.003865838203042004, 0.01954170604871592, 0.0512726951218077, 0.00724054233097429, 0.020164944104610703, 9.521714723312381e-08, 0.002295729686407297, 0.00012821640135998714, 0.02224887124995504, 0.003698572635296645, 0.0015573050202778887, 0.26027769596921896, 0.2836978419639913, 0.2774795720670698, 0.26449143164102673, 0.15024550222335578, 0.29988343504778286, 0.17614682974769402, 0.2916578023377072, 0.22680125801825932, 0.30723660253634183, 0.24181162606598913, 0.3314107797600754, 0.14089062769477295, 0.1374085224377596, 0.18058201886806888, 0.13317391548657592, 0.13045580933866255, 0.16237427205853974], [0.03324790629895623, 0.01761675668378726, 0.015307502850786912, 0.06288809555131882, 0.44085242808649305, 0.3821789576526585, 0.40402662191736166, 0.4259635206108791, 0.4281482296108917, 0.46179598785061127, 0.3979940376751248, 0.4761127666990001, 0.8055973170340139, 1.0, 0.8320486929331327, 0.8637174321061216, 0.24913052526670193, 0.20248044835326068, 0.22180479758012817, 0.21875823193261373, 0.02697115976425045, 0.09034585426664725, 0.08378518353528293, 0.12110551925071518, 0.17808295124092646, 0.14036965134240176, 0.29918177808635843, 0.09223760454641258, 0.04260039863768134, 0.04113376897386086, 0.018865673679433495, 0.0024719338610548255, 0.03402762308115563, 0.07705109795384818, 0.021763826616216175, 0.04558957481882032, 0.000443183791889663, 0.002285588532185854, 4.42373448581875e-07, 0.03131385760335219, 0.011068160318543664, 0.00015318549113141748, 0.3135239845888867, 0.29887950415308095, 0.28081779304187604, 0.25747071855762466, 0.20575502457988787, 0.30389679733152525, 0.18007366988202206, 0.2821482443093125, 0.28055276080311364, 0.3346739483182446, 0.27289054421463255, 0.3464070090932524, 0.16927401393887587, 0.16792324422148058, 0.23262621030454156, 0.12543075733926104, 0.123422704694379, 0.15836328462932536], [0.02081839510834015, 0.0216947874787198, 0.01147890643014297, 0.028904822365820402, 0.3308864784339645, 0.2981463575558598, 0.3139144529599623, 0.31302338903837895, 0.338674055951789, 0.35829036176391127, 0.3154188077098756, 0.3611120858965265, 0.8232483808743633, 0.8320486929331327, 1.0, 0.798726198948485, 0.1900032578406978, 0.1712769352146504, 0.14895439338432423, 0.1711006543310783, 0.006103271061244587, 0.05391175157369949, 0.03848348771825821, 0.053559238924364996, 0.10990680732180999, 0.08770914926366392, 0.23611442151196524, 0.049019518184942566, 0.01940908387798543, 0.01824271729521968, 0.014377622182998321, 0.003846549608314421, 0.011997953385037098, 0.03512955497753016, 0.006286888626556607, 0.015197142713702599, 0.00031098432719729074, 0.0006644712909881944, 8.845321762126755e-08, 0.01891127619046615, 0.0024515612334844103, 0.001830977202837001, 0.2085566182762043, 0.21149053406210203, 0.175921619925602, 0.16272998665439586, 0.10816273458208113, 0.23055599384495215, 0.09657287780140383, 0.18840097777906908, 0.14613072009351077, 0.22758446323352013, 0.14281232497155685, 0.24990687278049473, 0.09911622953648953, 0.09382768750452454, 0.13354547324413044, 0.07713741798263361, 0.07393669060539498, 0.09186888026024154], [0.028790332045413983, 0.02774915357780866, 0.014649934534304167, 0.07395470018893098, 0.43250762960101935, 0.4667069840101023, 0.3867314663767581, 0.49145599361328135, 0.42719476470568435, 0.5260621438438349, 0.3865262669440997, 0.5205683253411012, 0.8233879330996675, 0.8637174321061216, 0.798726198948485, 1.0, 0.3019610248864886, 0.25480076255950324, 0.19790734583612046, 0.2870545789759735, 0.0237508220902678, 0.17355220386598127, 0.06958185284149389, 0.18158840296110546, 0.1791649313535432, 0.15892209610580577, 0.31601676869119705, 0.08902227723243845, 0.062223797305345864, 0.060553135215835316, 0.011519769558908103, 0.0006248344284114587, 0.024012904071209214, 0.06668844779113353, 0.01409789958793733, 0.03560253586322119, 0.00019990154615991883, 0.0014283085637881686, 5.920975490164756e-05, 0.02154162094730483, 0.00764539753879154, 0.0002341551468888313, 0.3113403894094863, 0.299232216274746, 0.29315752255361216, 0.26976531151671673, 0.22037522022721004, 0.30112497454472814, 0.20819354257580702, 0.2904526887355425, 0.30561865988068965, 0.3345594479380033, 0.3051544442221716, 0.3432939107561893, 0.17401020987181098, 0.172889145028895, 0.22493098221167143, 0.13207123080179717, 0.13037630464978792, 0.16066317401217528], [0.034898824813620985, 0.020908673789568972, 0.019970456769886492, 0.09481437790795358, 0.34553673297675624, 0.37986311545673684, 0.26693992275849615, 0.38930042747187404, 0.302861030629549, 0.3468575128132984, 0.23967881023032397, 0.3622804861714916, 0.26967933685651413, 0.24913052526670193, 0.1900032578406978, 0.3019610248864886, 1.0, 0.6924921900318557, 0.4050993913337761, 0.7237962774136828, 0.0649311291057153, 0.23740270798490307, 0.0857175415046412, 0.27246454104615775, 0.12111762192200466, 0.11076718415672467, 0.09083693514817044, 0.08897761906631127, 0.07391837839273233, 0.07301249641382533, 0.019333477872804018, 0.003803564819244763, 0.058242976573746934, 0.10178669540513403, 0.017309829777011548, 0.045303760615562884, 0.0028164130400715943, 0.002538955442776061, 3.232153344222044e-07, 0.013115562216666843, 0.008876766112173735, 0.004961477936974965, 0.38162229449613144, 0.4069709756667287, 0.48178348872019855, 0.46921876468101553, 0.2178665659623623, 0.44701761683706154, 0.26158181387415247, 0.4850909939025564, 0.3224121114638214, 0.4873582738810579, 0.34358680823787624, 0.4757294857561977, 0.29518881131303293, 0.296639028843968, 0.3741682303583203, 0.26711753404097327, 0.2576161681794012, 0.3231694159470684], [0.01808923821677938, 0.019499563827405985, 0.01936985753955193, 0.0849899122262365, 0.2501844083514033, 0.3628623176664655, 0.2287454666399645, 0.3409491375740546, 0.2376601332715482, 0.33636023885069916, 0.22224745293401402, 0.32658412762465805, 0.27200123212648747, 0.20248044835326068, 0.1712769352146504, 0.25480076255950324, 0.6924921900318557, 1.0, 0.426191306897417, 0.8431627940602199, 0.042466911696028245, 0.29259639320358805, 0.08605813855812623, 0.18918546559209248, 0.10399195327448395, 0.07565630089786143, 0.05061997662800978, 0.05430110439174607, 0.03875047740733275, 0.03797123031318093, 0.03048874391076655, 0.016447916736737473, 0.06371767139335663, 0.10477628938005507, 0.01628838345236207, 0.03326393085165777, 0.0005921295084427076, 0.004726821264765081, 8.754248885406172e-05, 0.01768560900843164, 0.015915776820571183, 0.002276822759743895, 0.3213467898089273, 0.3464188095421821, 0.42994371424284733, 0.4215665432399588, 0.15931237706787463, 0.41860436281463786, 0.21800297957548206, 0.4409510998501384, 0.2699270484043771, 0.44981626583606077, 0.29261717873931575, 0.4462110908997741, 0.2090005450761212, 0.2130535922035023, 0.2706914590826129, 0.20185015948030222, 0.20060099873259615, 0.2828690867308592], [0.03276875125370012, 0.02254735954289822, 0.00087899208289868, 0.018313118470912243, 0.24169371747193166, 0.22019374999166122, 0.3454027680802046, 0.23857072597983053, 0.2198157941989086, 0.24264527688856832, 0.2679376972933812, 0.24660385358643286, 0.186162258071867, 0.22180479758012817, 0.14895439338432423, 0.19790734583612046, 0.4050993913337761, 0.426191306897417, 1.0, 0.43411859943938125, 0.03901462143460134, 0.07289216989271693, 0.3749970939016993, 0.08217042432829903, 0.13548144030046438, 0.12077798995963786, 0.13108572911274635, 0.02618310214879671, 0.048556254675184166, 0.04850355368264594, 0.01955707966747448, 9.29645218168969e-05, 0.035690118875084324, 0.07127838666993677, 0.00946942395997987, 0.03296305101294026, 0.02388818027624038, 0.012488114748788807, 0.013084853424997623, 0.008110611904033192, 0.0016269553188263683, 0.013719164502216177, 0.3464918216600453, 0.28312864307501245, 0.3317461983206142, 0.3155287114941052, 0.16591844818781462, 0.35766477135392527, 0.13958746557307156, 0.34038452130353464, 0.2899978686896683, 0.4467771905563361, 0.270974732601324, 0.4378152842462538, 0.24879992576353524, 0.24676806127692136, 0.34468040251212273, 0.17150330384305115, 0.17122402940010772, 0.26871299633104406], [0.025659216074510823, 0.02017051301454028, 0.03132321833548808, 0.06957241972114445, 0.30447533686819384, 0.40874679972827876, 0.26349685591056277, 0.4075024425828455, 0.2370385000653082, 0.34337898014240315, 0.2009504263078059, 0.32886869891523557, 0.27300435088856556, 0.21875823193261373, 0.1711006543310783, 0.2870545789759735, 0.7237962774136828, 0.8431627940602199, 0.43411859943938125, 1.0, 0.04488116203095888, 0.32116582017491124, 0.07407991401727072, 0.22182061700276418, 0.10351660649458351, 0.0914203076903906, 0.05501340309199247, 0.07764644955685346, 0.047622814981984465, 0.0476564574676517, 0.032559895618643316, 0.009543445976900941, 0.054570462412295725, 0.08877703003309097, 0.0143029296478007, 0.029603997330228577, 0.00038969583936977346, 0.005486833263540615, 0.0005287583636847245, 0.014782039670184054, 0.010023364432181957, 0.005361196697034486, 0.34324617044253203, 0.38604041600646133, 0.48294090437454906, 0.4791652157915997, 0.18048257137964963, 0.4524588486821787, 0.2605480402328169, 0.5018556843978694, 0.2993241898384272, 0.48444447787217865, 0.33194918960063224, 0.48544909842889916, 0.23600442373934946, 0.242473339814355, 0.3093762549593339, 0.251164144805287, 0.24711177428926287, 0.3301086960479592], [0.022590676490446642, 0.0024191047601275196, 1.950833837217465e-05, 0.005599593337386804, 0.07424319823679766, 0.03892881865133457, 0.010340666718003962, 0.05232767273102342, 0.060374007145638786, 0.02608513810771184, 0.0029348341474389806, 0.03650298226313764, 0.0045354206401770035, 0.02697115976425045, 0.006103271061244587, 0.0237508220902678, 0.0649311291057153, 0.042466911696028245, 0.03901462143460134, 0.04488116203095888, 1.0, 0.11404317485086002, 0.05392734669727644, 0.25888515630577397, 0.008153281786725152, 0.0006871241906684449, 0.0015893811105622564, 0.013132152869961054, 0.006631103521125363, 0.006559717355070065, 0.001840620630245171, 0.01380749889510647, 0.001452820230683186, 0.005289077636025725, 0.008135798352299274, 0.0038966171233741037, 0.01633835834011502, 0.011049204133921223, 0.014812534875388153, 0.004590636265043068, 0.007751664053921149, 0.005495218368309012, 0.022086295759167197, 0.017132634004173003, 0.00750392866663259, 0.013239406394379764, 0.032612583666009415, 0.014709034405241048, 0.014116181883279674, 0.01609222651114704, 0.05978914206139566, 0.018374358422354402, 0.048610191445841076, 0.009789462960938166, 0.014153629476898877, 0.011602417532445324, 0.014336540045836356, 0.0007090656833175735, 0.0024161300043827926, 8.442264746152896e-05], [0.0125620164613142, 0.007681984578327373, 0.023132390671563988, 0.12115247045038405, 0.14578704224374175, 0.3395681737590658, 0.10618533750203654, 0.26637908637313396, 0.1082872300859522, 0.2488775422262828, 0.07179630352329214, 0.18049956176847667, 0.11602319562387672, 0.09034585426664725, 0.05391175157369949, 0.17355220386598127, 0.23740270798490307, 0.29259639320358805, 0.07289216989271693, 0.32116582017491124, 0.11404317485086002, 1.0, 0.09843534391647828, 0.4966757773313003, 0.05938411558097206, 0.061504399986673404, 0.048023753878569234, 0.07482214256026352, 0.07827167390708961, 0.07513143974626939, 0.018622714826519338, 0.000795196071170979, 0.034335878445982015, 0.05992231163370294, 0.020832924724833852, 0.03484757479984898, 7.826556461443682e-06, 0.009464300774183476, 0.0015481853687290808, 0.01419489078441165, 0.016293153854745043, 0.005867443689676519, 0.1541948103386775, 0.17360551647814057, 0.26055350176788994, 0.260871792447981, 0.14569608460372854, 0.12359254577589093, 0.20595776449138992, 0.23966063346570185, 0.25403128784317386, 0.18124231626473392, 0.2833348837125616, 0.164258706047582, 0.13063042055683893, 0.14374899615774106, 0.1544713173958176, 0.15555570847426203, 0.15958221617444446, 0.174616682748115], [0.055802993933943244, 0.02200177005187436, 0.0002302603209174554, 0.031785583601543224, 0.11030152042323435, 0.10366546156787271, 0.2272676320184724, 0.1006662276594536, 0.07681630123251512, 0.09317730307458098, 0.158449566322606, 0.07983198499535754, 0.05063079144869753, 0.08378518353528293, 0.03848348771825821, 0.06958185284149389, 0.0857175415046412, 0.08605813855812623, 0.3749970939016993, 0.07407991401727072, 0.05392734669727644, 0.09843534391647828, 1.0, 0.09821853791723899, 0.09232366424410873, 0.0710220809733778, 0.12504044651884505, 0.0166338661576651, 0.05612111292252797, 0.05546360137832791, 0.0017310415229438683, 0.01422643441387384, 0.029929871445121048, 0.06378500904077865, 0.017360996001219216, 0.053461550460333504, 0.012953895913420983, 0.007378050658900933, 0.004387582151102084, 0.0053129369337758334, 0.0041150845975023494, 0.0001479360104492654, 0.1722385200317203, 0.11227488068085273, 0.18215998661872293, 0.17235443710416404, 0.11397540494205723, 0.0840254616280355, 0.07552607720587683, 0.15174641936149713, 0.22321409842501855, 0.18139097943898697, 0.20373906687891544, 0.16334725788635382, 0.2105987821976491, 0.20811739639637508, 0.2529153398439299, 0.09665057138181425, 0.101687317628599, 0.1647268103505611], [0.04179220376965696, 0.012697840390540043, 0.01733607369513475, 0.08788033823111015, 0.18261102225015025, 0.2417329828913196, 0.08348541662413228, 0.2457952477279126, 0.14608458027187946, 0.19306627114744748, 0.061495638222566124, 0.1914310686413413, 0.0852743340618646, 0.12110551925071518, 0.053559238924364996, 0.18158840296110546, 0.27246454104615775, 0.18918546559209248, 0.08217042432829903, 0.22182061700276418, 0.25888515630577397, 0.4966757773313003, 0.09821853791723899, 1.0, 0.04339126416575224, 0.05064460247730316, 0.04499644346015737, 0.0776042200068906, 0.05573544236920381, 0.055738907101494505, 0.0037769341998168744, 0.0005887104409998094, 0.019686069339313172, 0.028522410008134432, 0.00958583174784681, 0.023137445377738344, 6.689890653192898e-06, 0.005663788110404793, 0.00014556417797106474, 0.005950087732841336, 0.004552715438647501, 0.0031930577606339014, 0.13231572482175136, 0.1453121102033867, 0.17422556467646041, 0.1775765814304432, 0.12156106282985488, 0.1009652118013204, 0.13863086227719829, 0.16872349407802742, 0.22717297971689163, 0.13899937798440437, 0.23733269732443887, 0.11968724164151187, 0.1103275409939924, 0.117253128426639, 0.13713489658746794, 0.09041295310850114, 0.0815655029372065, 0.11222545513119002], [0.023834560062961772, 0.004138002552766928, 1.3742118062813792e-06, 0.08723286352173017, 0.2529411661473171, 0.2823042915355259, 0.3202240266296466, 0.255369626421992, 0.11326666229889, 0.13886774913722363, 0.1381235936345707, 0.1275393263662919, 0.14967018839452043, 0.17808295124092646, 0.10990680732180999, 0.1791649313535432, 0.12111762192200466, 0.10399195327448395, 0.13548144030046438, 0.10351660649458351, 0.008153281786725152, 0.05938411558097206, 0.09232366424410873, 0.04339126416575224, 1.0, 0.34903241040814953, 0.45715074152712876, 0.07242528730093015, 0.3036206297169008, 0.30082445123255674, 0.015459654409789959, 0.00045089213954181955, 0.03846621072048848, 0.07112923466478577, 0.02154036639940791, 0.039765365173255574, 0.011339713438548069, 0.0012075220002291608, 0.002364560462901533, 0.01806763364211779, 0.011631412495189144, 0.0009488340839270294, 0.1768609892861078, 0.14222037157828588, 0.1784121961464201, 0.16321483383859803, 0.2622397038187814, 0.12923647613839434, 0.1805650299392782, 0.16054655651379457, 0.2817791925978715, 0.18715945750308682, 0.26060345010590485, 0.17404675957401947, 0.18605623881195746, 0.19692900427629834, 0.2117256591466653, 0.10752212065207502, 0.10969256260550259, 0.14333439138881035], [0.03865455907075187, 0.02513448737921751, 0.006606768624382277, 0.12079130556762006, 0.13882484168709583, 0.18337977121108218, 0.20932688055376658, 0.16282071965534944, 0.27280399889971835, 0.3117774902801244, 0.3126036997866498, 0.28871314603521175, 0.11815769091520997, 0.14036965134240176, 0.08770914926366392, 0.15892209610580577, 0.11076718415672467, 0.07565630089786143, 0.12077798995963786, 0.0914203076903906, 0.0006871241906684449, 0.061504399986673404, 0.0710220809733778, 0.05064460247730316, 0.34903241040814953, 1.0, 0.46875444777263525, 0.13993281832209983, 0.39938773320412935, 0.39535850560207, 0.01931177382238461, 0.0017830118662604474, 0.040272013466063857, 0.0950182139532112, 0.046592516256468666, 0.07132072215898785, 0.0014952783454376844, 0.002434107188699352, 0.0008110482704467471, 0.045793889869287056, 0.03169160595698476, 0.01685692555240158, 0.1428033230876252, 0.12099509929113472, 0.1842679503205563, 0.17001623738070343, 0.22483233646291226, 0.10143760039031792, 0.21110872110062542, 0.16142541272101185, 0.29675882152869687, 0.16849911818040444, 0.2972937021649658, 0.15747046436848616, 0.20537086732467869, 0.21075478300823072, 0.22173776592309571, 0.1261633094483926, 0.121413557479617, 0.14791157583970757], [0.03189771820550479, 0.013523800077095641, 0.0007922720733160714, 0.07084226635120926, 0.17930348129956564, 0.18681686424031654, 0.25399970484378964, 0.18186345095643622, 0.19283683521803066, 0.22378920261267057, 0.2407746621964878, 0.21089904207860202, 0.2512307271406677, 0.29918177808635843, 0.23611442151196524, 0.31601676869119705, 0.09083693514817044, 0.05061997662800978, 0.13108572911274635, 0.05501340309199247, 0.0015893811105622564, 0.048023753878569234, 0.12504044651884505, 0.04499644346015737, 0.45715074152712876, 0.46875444777263525, 1.0, 0.08467821238105189, 0.32654124507831106, 0.3210223652997035, 0.010856729560945386, 0.0002622455507741029, 0.035759762346293376, 0.08012354418547116, 0.028772353972490332, 0.062492353030099014, 0.006998308533187169, 0.0010949017903218747, 0.0016370064742945074, 0.024555970942221027, 0.012063761380462156, 0.0021930204039596647, 0.17365121424576324, 0.13243111485358774, 0.1723993971178524, 0.15519139074303795, 0.23159497101218643, 0.1050766591659541, 0.1717900762731277, 0.1460348172153704, 0.28003530057549, 0.18578065563528895, 0.2631238991026517, 0.18052811113087006, 0.21676729382919185, 0.22037958117796325, 0.2462998179070947, 0.14428026141899356, 0.1432651029823511, 0.15233550137465607], [0.012262402668629137, 0.0011191430825127165, 0.0035191951443351273, 0.19201352907430486, 0.1129705319130462, 0.12160348980572594, 0.0898276224517523, 0.12130849850873372, 0.1285184929443764, 0.13901688974466714, 0.11432970782114121, 0.1399823781777631, 0.0537423962390369, 0.09223760454641258, 0.049019518184942566, 0.08902227723243845, 0.08897761906631127, 0.05430110439174607, 0.02618310214879671, 0.07764644955685346, 0.013132152869961054, 0.07482214256026352, 0.0166338661576651, 0.0776042200068906, 0.07242528730093015, 0.13993281832209983, 0.08467821238105189, 1.0, 0.1856369977643399, 0.18934544901567915, 0.04064540264705145, 0.011506971431818919, 0.06623207014221062, 0.12576113173417844, 0.05367580532761256, 0.0642061807932212, 0.0008780017896719748, 0.006749537726470909, 0.0002747234647525764, 0.03664540462728374, 0.026966609086444545, 0.0024937030634161754, 0.11494233254572883, 0.13755259873379322, 0.16921321515462162, 0.17548357402364867, 0.18233524625503658, 0.10521601157722418, 0.20956946726170597, 0.16608680550761443, 0.2662499114919236, 0.14482155764680812, 0.28314939264822814, 0.14319506669038, 0.1152234093268845, 0.1275758378171011, 0.15313696315789885, 0.12313644092232386, 0.12412782481643009, 0.1406670738629664], [0.024424141177580336, 0.0015307377861943589, 1.831674902889495e-05, 0.1362501255437311, 0.07027275311411205, 0.10527433274639737, 0.08915097708751517, 0.08798516404511518, 0.0673970601866572, 0.08906682833232718, 0.07689339412041518, 0.07584192817278146, 0.03150928240647985, 0.04260039863768134, 0.01940908387798543, 0.062223797305345864, 0.07391837839273233, 0.03875047740733275, 0.048556254675184166, 0.047622814981984465, 0.006631103521125363, 0.07827167390708961, 0.05612111292252797, 0.05573544236920381, 0.3036206297169008, 0.39938773320412935, 0.32654124507831106, 0.1856369977643399, 1.0, 0.9959117883957721, 0.021251642587217432, 0.00022907204414902675, 0.05615230837362673, 0.10818773537991894, 0.053117862751977864, 0.07756349649354116, 0.02138335826792024, 0.00023458123921605645, 0.00017461716600719257, 0.018005021729315677, 0.012710928962388976, 0.00767502266077294, 0.06761211608772431, 0.07339668157936081, 0.09983721307384033, 0.1053506876547443, 0.16994746795359988, 0.04399406073762634, 0.1560838384840763, 0.08783969543335984, 0.24832421805242583, 0.08310735946733407, 0.24560214169033015, 0.07833906691731979, 0.1830470048033983, 0.18801591411526505, 0.18584007409446787, 0.10174953750484048, 0.09751109188823483, 0.11769757683821823], [0.022998470435833175, 0.0014016761247764651, 4.491298774824022e-06, 0.13511348614435414, 0.07069397553376221, 0.10359648351525487, 0.08918897921004901, 0.08752332178991117, 0.06637271290403411, 0.08774476823044725, 0.07639549624792114, 0.07565488249762424, 0.03064598362213384, 0.04113376897386086, 0.01824271729521968, 0.060553135215835316, 0.07301249641382533, 0.03797123031318093, 0.04850355368264594, 0.0476564574676517, 0.006559717355070065, 0.07513143974626939, 0.05546360137832791, 0.055738907101494505, 0.30082445123255674, 0.39535850560207, 0.3210223652997035, 0.18934544901567915, 0.9959117883957721, 1.0, 0.020435518185323288, 0.00021396812775698756, 0.055047815233922874, 0.10642984918193604, 0.052350822847094546, 0.07717497505292147, 0.020839274426851614, 0.0003268840455245945, 0.00030706892599112874, 0.017434302539174103, 0.012019106450474904, 0.007007149721993695, 0.06644280876515261, 0.07190419218889448, 0.09915750142633635, 0.1042