[{"spl_Ef": [347.56, 214.0], "hex_Ef": [407.84, 230.26], "tet_Ef": [359.28, 294.06], "vac_Ef": [51.021, 438.0], "spl_c11": [417.58, 709.93], "spl_c12": [613.58, 149.93], "spl_c44": [599.58, 378.64], "spl_bulkmodulus": [550.89, 228.3], "hex_c11": [489.79, 710.41], "hex_c12": [685.79, 150.41], "hex_c44": [670.79, 368.0], "hex_bulkmodulus": [639.37, 253.97], "tet_c11": [598.04, 18.0], "tet_c12": [710.04, 18.0], "tet_c44": [38.044, 242.0], "tet_bulkmodulus": [611.32, 306.09], "vac_c11": [97.627, 578.0], "vac_c12": [685.63, 662.0], "vac_c44": [69.627, 312.0], "vac_bulkmodulus": [174.94, 116.0], "super_c11": [454.17, 648.0], "super_c12": [650.17, 88.0], "super_c44": [118.79, 508.0], "super_bulkmodulus": [608.32, 214.0], "spl_a": [142.37, 199.6], "hex_a": [234.71, 207.89], "tet_a": [247.8, 263.88], "vac_a": [32.415, 172.0], "unit_a": [197.92, 186.0], "super_a": [179.74, 257.04], "L1_frequency": [675.03, 470.65], "L1_mean": [678.09, 554.37], "L1_max": [70.139, 46.0], "L2_frequency": [595.05, 452.0], "L2_mean": [552.25, 525.12], "L2_max": [476.14, 527.46], "L3_frequency": [104.61, 648.0], "L3_mean": [186.23, 46.0], "L3_max": [378.14, 18.0], "L4_frequency": [601.18, 597.59], "L4_mean": [613.94, 549.68], "L4_max": [490.14, 18.0], "Interstitial_RE_A": [188.43, 387.39], "Interstitial_RE_M": [248.38, 320.68], "Vacancy_RE_A": [303.17, 367.46], "Vacancy_RE_M": [334.48, 371.16], "Interstitial_RE_E": [271.41, 648.0], "Interstitial_RE_F": [246.74, 367.58], "Vacancy_RE_E": [465.02, 381.07], "Vacancy_RE_F": [318.28, 337.25], "Interstitial_enhanced_E": [405.62, 332.31], "Interstitial_enhanced_F": [267.77, 417.04], "Vacancy_enhanced_E": [388.76, 371.06], "Vacancy_enhanced_F": [324.11, 437.11], "bulk_free_energy": [411.92, 149.93], "bulk_entropy": [484.12, 150.41], "bulk_heat_capacity": [448.51, 88.0], "vacancy_free_energy": [257.74, 583.93], "vacancy_entropy": [329.94, 584.41], "vacancy_heat_capacity": [294.33, 522.0]}, {"Vacancy_RE_M": [334.48, 371.16], "Interstitial_RE_A": [188.43, 387.39], "Vacancy_RE_E": [465.02, 381.07], "L2_mean": [552.25, 525.12], "hex_bulkmodulus": [639.37, 253.97], "super_a": [179.74, 257.04], "L1_frequency": [675.03, 470.65], "hex_c44": [670.79, 368.0], "super_c12": [650.17, 88.0], "vacancy_heat_capacity": [294.33, 522.0], "bulk_free_energy": [411.92, 149.93], "hex_c11": [489.79, 710.41], "hex_Ef": [407.84, 230.26], "vac_Ef": [51.021, 438.0], "tet_c11": [598.04, 18.0], "tet_c12": [710.04, 18.0], "tet_c44": [38.044, 242.0], "vac_c11": [97.627, 578.0], "vac_c12": [685.63, 662.0], "vac_c44": [69.627, 312.0], "vac_bulkmodulus": [174.94, 116.0], "super_c44": [118.79, 508.0], "vac_a": [32.415, 172.0], "L1_max": [70.139, 46.0], "L3_frequency": [104.61, 648.0], "L3_mean": [186.23, 46.0], "L3_max": [378.14, 18.0], "L4_max": [490.14, 18.0], "Interstitial_RE_E": [271.41, 648.0]}, [[1.0, 0.67467579285971, 0.7650987218425345, 0.12482979974173587, 0.24846070400198128, 0.0029752876900183823, 0.01812007101820746, 0.08442186840437936, 0.23734865117921788, 0.001971787504294065, 0.04360723205970655, 0.060833007650902444, 0.0190660865818993, 0.07129177460239079, 0.019220424790933652, 0.012745134722946529, 0.059917824477601404, 0.003307660804886948, 0.000614601781441635, 0.021920564167646657, 0.2025602822161727, 0.00081689875451545, 0.06112547511046917, 0.05063418945220588, 0.002796665253268831, 0.004324972291927488, 0.0016157745238228188, 0.011811880262003782, 0.002753018433268759, 0.0030592030420280294, 0.3635899552479999, 0.11730542323802869, 0.02006575851009591, 0.19064323465432712, 0.11025577156236299, 0.021066839988796635, 0.01931184856593561, 2.7383703098616636e-05, 0.009978425427226592, 0.19592949496336343, 0.1624216616750273, 0.0002512474197203864, 0.13528313134800943, 0.31840309560452007, 0.4364007208133597, 0.4324361177291096, 0.17369221434700538, 0.29735217624897464, 0.5254157696425875, 0.4356411659040833, 0.4533147939769344, 0.12019599624517702, 0.5145579037663203, 0.15346936469862074, 0.06325746992250786, 0.06514225579970112, 0.08680026215160229, 0.04758894844181145, 0.03947712219335684, 0.08072389949548915], [0.67467579285971, 1.0, 0.6476359875857464, 0.32125646688211296, 0.20412569938799563, 0.015323982497473094, 0.05096573572178759, 0.042382856434612017, 0.19953377711943757, 0.01027391326826255, 0.08998277039265866, 0.026883753273372668, 0.08348286914725846, 0.04712940102114008, 0.024183510120586865, 0.0035995112143541548, 0.017278234552806335, 0.05263442775410852, 4.1965235940016326e-05, 0.0032833342401417105, 0.18727743129304475, 0.025823045570912133, 0.08847826566317385, 0.02531635550405637, 0.03223165597751427, 0.0194273926455989, 0.000924081915482729, 0.03328304086463764, 0.018784453388442715, 0.02079812283606041, 0.42834165620265263, 0.13688409313730757, 0.1372162169079956, 0.3377593261745711, 0.2336896086933293, 0.13843674097344028, 0.05957293537443131, 0.0019896706825907715, 0.032977485030345983, 0.25013383105629755, 0.23025005350538488, 0.006090943367771094, 0.3570683059911897, 0.5308380062668493, 0.5865614047883249, 0.5253457979430511, 0.24543852599610083, 0.49111402118571607, 0.5206589757891185, 0.5237507790473166, 0.5353382093669816, 0.25793028006485086, 0.5977678101469658, 0.27190785664061035, 0.06882392844183342, 0.06626731295332751, 0.11762358136353487, 0.025444832060637707, 0.021721188170383654, 0.08085059630792703], [0.7650987218425345, 0.6476359875857464, 1.0, 0.20768728266599024, 0.19354377397509134, 0.04772194950300075, 0.003163485736011756, 0.01595496468090309, 0.1645962745982635, 0.039599552978074035, 0.00322338848812214, 0.013533021826007472, 0.03654544953208854, 0.01561025035487653, 0.00010368783787634505, 0.002248686484712843, 0.025187494993130367, 0.0296055143179833, 0.007540026746915354, 0.0008327497655676982, 0.14753431389260194, 0.03574483893973609, 0.020912443032058952, 0.011839173260843189, 0.04381031633923018, 0.049886624418713374, 0.01199988410293105, 0.03736815733805674, 0.03712794215099866, 0.03795492784435587, 0.2909110511260262, 0.11775165522367674, 0.0031961993843900934, 0.08770420420121526, 0.04249598686476292, 0.0023396849064806586, 0.0007508185456565283, 0.004355177912215436, 0.0023252092063251544, 0.17977684809951794, 0.1543392316199292, 0.00013607993827216433, 0.31439052191507605, 0.592494888524328, 0.6295274084792055, 0.6022277074631407, 0.37837105271482513, 0.5691820427205754, 0.565979787699712, 0.6249202365400147, 0.6037459092836139, 0.30870202236166916, 0.6318957070225082, 0.3265738253216689, 0.11456688055946126, 0.11592498527634727, 0.2208233461579131, 0.06820134759558087, 0.062113122999264574, 0.17873635651540623], [0.12482979974173587, 0.32125646688211296, 0.20768728266599024, 1.0, 0.03997554091776752, 0.08735581390340613, 0.000133295603997289, 0.012991080768483211, 0.014972585926250684, 0.08543530447551655, 3.641301591376982e-05, 0.018850416784319157, 0.0850709158560323, 0.006638769362524458, 0.013604136366465468, 0.04334246663135066, 0.03317604345867456, 0.21159128421339424, 0.07569304712702823, 0.041255779283637606, 0.013138400781371002, 0.131679476258714, 1.5275846745725263e-07, 0.0198763686546754, 0.06102265647918648, 0.08655051603644522, 0.07242789754492503, 0.08102179377960789, 0.08767477927079449, 0.09055612554533325, 0.12223958927031908, 0.02692465688605741, 0.09103941306185649, 0.1206994386100086, 0.07640230555588313, 0.06503701883435029, 0.01683114971645471, 0.004603243362437823, 0.01856475725403516, 0.06609065107355322, 0.072983930162352, 0.014908100426820354, 0.3276997913969662, 0.3299193122703031, 0.5214505933107424, 0.4689066561258203, 0.1326077887382858, 0.3287422393095322, 0.13399507491463475, 0.4671288409015755, 0.23203494111004921, 0.5405519813905293, 0.23685996981978297, 0.5537305887170523, 0.09498028803516352, 0.09302614491753035, 0.22126389455696696, 0.03218524513306023, 0.022750937051434293, 0.13815187143210492], [0.24846070400198128, 0.20412569938799563, 0.19354377397509134, 0.03997554091776752, 1.0, 0.0009937217230564916, 0.07105449217760113, 0.08659287775738606, 0.6670004430503281, 5.929921191399828e-07, 0.062449460350779855, 0.06463278378019936, 0.03726142664749475, 0.1270228066112459, 0.0503023059960672, 0.026461849446257405, 0.26773403877935903, 0.0004927901040923073, 0.006276960605173388, 0.0056287679808256575, 0.7394465037387382, 0.008905780178209628, 0.06635606990540029, 0.047629136032036494, 0.0012829879046133183, 0.012023319675071155, 0.045629516957814836, 0.002775138100112754, 0.011503364386940293, 0.010661743326515783, 0.13288646137071874, 0.0853403235009493, 0.02279161533619134, 0.08963025993775375, 0.08018925207757503, 0.034095784844640833, 0.008456154632799742, 0.00682204997448996, 0.0006122903013262713, 0.11520994797135697, 0.09526909701124524, 0.0004994030550431227, 0.03419404673977046, 0.07835495084290994, 0.08083433563200008, 0.06367642519071964, 0.00471375303618448, 0.07697546691853827, 0.09155505430847984, 0.06456288769912139, 0.05154690448104452, 0.01884637359122894, 0.0718364179965658, 0.024306505572619694, 0.012205012756588201, 0.012045897868479092, 0.009424064195709219, 0.01650684743652895, 0.015254009341698174, 0.018622272515212028], [0.0029752876900183823, 0.015323982497473094, 0.04772194950300075, 0.08735581390340613, 0.0009937217230564916, 1.0, 0.02462065965489455, 0.19398367909692643, 0.0013290683927699872, 0.8429438518813716, 0.003935368028318289, 0.2378880923079842, 0.18274443539788704, 0.12399549434099438, 0.00123223409525401, 0.332332471582064, 0.022170316576063002, 0.29074175597109486, 0.007730068312969035, 0.36456942172570006, 0.006174172621087006, 0.6880391861622408, 0.014949712503507106, 0.32393835153926026, 0.0805235619976023, 0.11312714310462446, 0.0905224001851168, 0.028764637360532714, 0.061152918543021316, 0.06057803756023611, 0.0015239981085147449, 0.002150320883381626, 0.004082052849290798, 0.0013755131694814897, 0.009989994367098607, 0.00954689947007912, 0.018201964420436447, 0.00655922687583148, 0.010874229585918964, 0.0038568333376376484, 1.8971777127141143e-07, 0.008885909896041263, 0.09088385418933329, 0.08418152561648973, 0.10632619747262295, 0.09748418326132731, 0.09227071361609485, 0.08305138431820334, 0.023241110456540866, 0.10071303793903873, 0.06755374851844681, 0.12927433939932625, 0.05659309666805947, 0.12379075145350793, 0.06386241201577675, 0.08274702707234648, 0.17545667602365805, 0.025246978341989586, 0.031180950589084253, 0.10807474833495417], [0.01812007101820746, 0.05096573572178759, 0.003163485736011756, 0.000133295603997289, 0.07105449217760113, 0.02462065965489455, 1.0, 0.09317506812696824, 0.09315124587400217, 0.026308251907083836, 0.7013482155757792, 0.06303245396730454, 0.0009964456191481916, 0.08665299141120085, 0.40789871579718795, 0.018059491337143376, 0.08068546073532197, 0.03831186023249893, 0.2803497454892752, 0.0012061219395061175, 0.10344847430641119, 0.010502955938037316, 0.283075917387511, 0.051325204317006864, 0.053434238890953605, 0.06891796317376528, 0.11236693703087691, 0.02833405733949056, 0.0826261542545566, 0.08329655558024356, 0.032436448651337976, 0.0018533715994732754, 0.0765929472986692, 0.13389849675848123, 0.1060679754242029, 0.07609238306752689, 0.08033521741265613, 0.00013803239872615066, 0.03944950683330652, 0.010424439027378073, 0.012550326163661604, 0.003476837409099316, 0.017867328719092183, 0.003090683891144252, 0.0157463030767505, 0.015401704381125097, 0.03189844375664955, 0.008441041720837334, 0.002360222371836562, 0.01848340433091351, 0.012671505498974197, 0.07088579150083121, 0.0035952613693699975, 0.05926642461851607, 0.03995432293828888, 0.0402255216744022, 0.08700757904553741, 0.00581646402198736, 0.002965584174420094, 0.01256358160759476], [0.08442186840437936, 0.042382856434612017, 0.01595496468090309, 0.012991080768483211, 0.08659287775738606, 0.19398367909692643, 0.09317506812696824, 1.0, 0.15232884475476205, 0.25395235279074013, 0.05903147738784415, 0.8112819756242113, 0.02768092610023108, 0.5801720091882007, 0.052302876413129376, 0.5617125488623161, 0.17192340701274084, 0.10724594172536969, 0.022883911121908292, 0.3208878806133083, 0.16099225712745274, 0.13581298337991146, 0.10209186011581081, 0.6892270746347938, 0.043986748908835194, 0.04152819558752496, 0.07253613445370072, 0.004839712507551417, 0.026667416942808747, 0.026702245983185744, 0.02881693294138405, 0.0191536158141368, 0.0022100364008894842, 0.04105941461119998, 0.041529455128440904, 0.005476950818027283, 0.003487514757259675, 0.0005267243004909797, 0.005972088688217212, 0.028276939315127713, 0.01169683690570933, 0.003243878253039393, 0.045818360129834756, 0.0075231078985270585, 0.010170681796202346, 0.01166226889682738, 0.038788213031716486, 0.008813120810548409, 0.0026669512859037263, 0.009135874096016855, 0.0013548150433958966, 0.061418288946821484, 3.62109639930859e-06, 0.0493478345237629, 0.02025956252778824, 0.030677591617306318, 0.08899781912829562, 0.013768818981888978, 0.020833396532413045, 0.05527475186247137], [0.23734865117921788, 0.19953377711943757, 0.1645962745982635, 0.014972585926250684, 0.6670004430503281, 0.0013290683927699872, 0.09315124587400217, 0.15232884475476205, 1.0, 0.0036868355519453964, 0.07970968894655552, 0.10623434931167042, 0.03530576379328967, 0.1917352746676683, 0.08502270776072693, 0.053519637522482205, 0.3602730088278571, 0.004884235202391368, 0.009485933125726497, 0.01802699467193164, 0.7737695755456732, 0.0013504566846116667, 0.10020652929740974, 0.08060460405363498, 0.00736356499602411, 0.02599616099438013, 0.08543884602514727, 0.015587516678126996, 0.03307205692028409, 0.031173525126415445, 0.13401466313553154, 0.0655446324729832, 0.013661334008092416, 0.08012205728590059, 0.07196967804939952, 0.01827760577342435, 0.01342231578253908, 0.004440009437394682, 0.0018063175997601558, 0.08672535270196935, 0.07368609574487106, 0.0005143519467752322, 0.023020405638998695, 0.057477602003489246, 0.04414461340616017, 0.03667969482671245, 0.0027146482223737245, 0.05424014259846439, 0.08020856021124834, 0.03735704466469456, 0.04397825260374797, 0.0011195796059904907, 0.06296345536177272, 0.0025605290725976147, 0.0029597550992999048, 0.0024588916732980444, 0.00021920457951949437, 0.012359109227142622, 0.00959128803221363, 0.0074690011278167765], [0.001971787504294065, 0.01027391326826255, 0.039599552978074035, 0.08543530447551655, 5.929921191399828e-07, 0.8429438518813716, 0.026308251907083836, 0.25395235279074013, 0.0036868355519453964, 1.0, 0.004332493870637695, 0.3186263629857711, 0.15621082762636804, 0.16660759026028943, 0.0004632189581640722, 0.44194309635049517, 0.0306014563821946, 0.270200168266739, 0.008545827000487642, 0.4147347630739831, 0.010989805749179137, 0.6112426936138339, 0.01538705297590936, 0.41797242748739305, 0.0762944507156556, 0.10131530353840189, 0.10263828701635626, 0.026661519794693313, 0.07155445678672202, 0.0689578463350912, 0.0017769158536284154, 0.002992697486288115, 0.00655259709239602, 0.0020848217120946876, 0.011283791826983105, 0.011208786071616345, 0.01841513014507613, 0.007377811193500261, 0.012978646427029356, 0.004617352122420316, 0.0002461258359843798, 0.009955283514579595, 0.07297088345053737, 0.06200112601494214, 0.10277768102211762, 0.09665222006314979, 0.08133009856181042, 0.06223853556678858, 0.023194088190206873, 0.0993872938368135, 0.061948989770217705, 0.12452081008146144, 0.052232384797927876, 0.12157406744830364, 0.06328700126400591, 0.0833252503531338, 0.17397727933608598, 0.0346305337134154, 0.04217529056895949, 0.13316892179496537], [0.04360723205970655, 0.08998277039265866, 0.00322338848812214, 3.641301591376982e-05, 0.062449460350779855, 0.003935368028318289, 0.7013482155757792, 0.05903147738784415, 0.07970968894655552, 0.004332493870637695, 1.0, 0.037508970109876874, 0.0018623968693516316, 0.0870836281115859, 0.40729017929978883, 0.007117270829145371, 0.07263828157629418, 0.011804613652191445, 0.32853234016868704, 0.0006161403877805586, 0.07924066004705184, 0.0014059122689584632, 0.30738128059030256, 0.03184546487024975, 0.02055675073590201, 0.024864031903882602, 0.06319069180295338, 0.00789800949240247, 0.03184238331451834, 0.03248489029123978, 0.03116684654724144, 0.0009060694640104266, 0.04263258647602664, 0.10668705952986522, 0.07016964404835681, 0.05429512542223471, 0.09198545442110678, 0.0012256648235731515, 0.014184639062904012, 0.007612652261107393, 0.010885840419417127, 0.004031061095784825, 0.007746363303814756, 0.0014103533023933892, 0.002018509554156739, 0.0014667595850774006, 0.0009516658714918053, 5.027252300739531e-05, 0.025693813997988636, 0.0030212612038377443, 0.0006709878698381719, 0.048102087983171275, 0.004643977940983655, 0.04049467351053121, 0.012092679880003983, 0.010368708116510373, 0.04098067546186303, 5.6271800548310494e-05, 0.0011658690665104815, 0.0006652867471106128], [0.060833007650902444, 0.026883753273372668, 0.013533021826007472, 0.018850416784319157, 0.06463278378019936, 0.2378880923079842, 0.06303245396730454, 0.8112819756242113, 0.10623434931167042, 0.3186263629857711, 0.037508970109876874, 1.0, 0.05755802839058907, 0.4979428163572665, 0.021644424931108474, 0.6738293120337555, 0.1362383134186047, 0.12599155951205274, 0.01826891953894967, 0.38755648375608437, 0.11315398412133278, 0.159931810426766, 0.10285938946014124, 0.8561825363656326, 0.032243916588771654, 0.027082975908999527, 0.05868742774716132, 0.004303923778332815, 0.017669640973114097, 0.017560025483626552, 0.021777576626147644, 0.02935358383620387, 0.009116066496485921, 0.031736567360827944, 0.03734133031008455, 0.009445591944449248, 9.55960184693965e-05, 0.0031896122431504513, 0.01099246995865232, 0.02416344148422962, 0.016818275702092714, 0.0026215281903558133, 0.05366968521583273, 0.007251044767218865, 0.014088237876841766, 0.01035932444371266, 0.029454795711144413, 0.008789164164583975, 0.003764212016600014, 0.008525806032931748, 0.0016890115405134617, 0.061254332508892645, 2.9905216344034314e-05, 0.04898770290362337, 0.02531430940882155, 0.03728525176670026, 0.09555839385337339, 0.018152043941056985, 0.02702637151761692, 0.07205442305763302], [0.0190660865818993, 0.08348286914725846, 0.03654544953208854, 0.0850709158560323, 0.03726142664749475, 0.18274443539788704, 0.0009964456191481916, 0.02768092610023108, 0.03530576379328967, 0.15621082762636804, 0.0018623968693516316, 0.05755802839058907, 1.0, 0.008145344252690964, 0.00219047182644011, 0.058494294859988104, 0.006187404687855879, 0.1620941403948196, 0.008443113314039586, 0.1076625214191624, 0.03235076999832049, 0.24978674200065623, 0.0005332739946074962, 0.07267381020502833, 0.04062816563387635, 0.00999008562969847, 0.005622047843165771, 0.0004922920315343438, 0.0041245896454540675, 0.00429246310278921, 0.018394335214577374, 0.0009842049938314653, 0.0027628352905753584, 0.006160854975848376, 0.0005316486975568597, 0.00016616562487271097, 0.041246579255071886, 0.007920428117925161, 0.00013285918807434715, 0.0042905530486306255, 0.0047134272741709065, 0.0026121911089049335, 0.08592455938972772, 0.04661758803003776, 0.0836502357846392, 0.04723305671135276, 0.031617550544458174, 0.04169903367913868, 0.027451094959015574, 0.0476088263637972, 0.047928597517230734, 0.039180632930055505, 0.04915022503876447, 0.035169809051267244, 0.0668232669871747, 0.06909206348287018, 0.12626670970796797, 0.0027377840256203644, 0.005299862833516716, 0.011833742608126356], [0.07129177460239079, 0.04712940102114008, 0.01561025035487653, 0.006638769362524458, 0.1270228066112459, 0.12399549434099438, 0.08665299141120085, 0.5801720091882007, 0.1917352746676683, 0.16660759026028943, 0.0870836281115859, 0.4979428163572665, 0.008145344252690964, 1.0, 0.03298888970492127, 0.3510685747037443, 0.13282833201633942, 0.05245041832339552, 0.013825500672201467, 0.19712259323922465, 0.2094637913419731, 0.07679329278213386, 0.08899667358744734, 0.4117978595427569, 0.036944442899553474, 0.05585036257995536, 0.09289137664833907, 0.02659358917394813, 0.04730958039488427, 0.0463551644819906, 0.0231423323812969, 0.012299112086169508, 0.016378176457509608, 0.02834715086644526, 0.026664681837598996, 0.008226050404505173, 0.003768207632757275, 0.0007524983066780291, 0.02381853811574957, 0.024272892402058342, 0.011775632308594014, 0.0046471795536928056, 0.025182324459783058, 0.00030217325923684264, 0.0130865755806551, 0.007471163597475638, 0.007906285633475117, 0.0011733570175187385, 0.0124186004741215, 0.006631113384298087, 0.00011898471015877529, 0.06707227055770568, 0.0007395211239446474, 0.05797086691586129, 0.012418019949147647, 0.020328748203862376, 0.0675035451246291, 0.005905664678994907, 0.009989952799261827, 0.03734104664032929], [0.019220424790933652, 0.024183510120586865, 0.00010368783787634505, 0.013604136366465468, 0.0503023059960672, 0.00123223409525401, 0.40789871579718795, 0.052302876413129376, 0.08502270776072693, 0.0004632189581640722, 0.40729017929978883, 0.021644424931108474, 0.00219047182644011, 0.03298888970492127, 1.0, 0.0061247510952534895, 0.23531243401985902, 0.08453821533056345, 0.4911238614480868, 0.0009622697723756575, 0.08474177827858428, 0.0014860577225751586, 0.4054588724847029, 0.016875318002698418, 0.024224276192546534, 0.04427487411509731, 0.06787700070743619, 0.028482405430740963, 0.0581717619370314, 0.05966391721376329, 0.0017232480050302238, 0.010535254539957972, 0.002444388999052376, 0.021198669623584455, 0.012501758523903088, 0.004045193924770097, 0.11438568867091636, 0.03087322317816298, 3.373749754152978e-05, 0.0005358986818055399, 0.002987634689319796, 0.004296607569992179, 0.03465797707475144, 0.007121912295682838, 0.026788693584264296, 0.0256078795763557, 0.004730548786595112, 0.011635307640846835, 0.023102850452659904, 0.031656739009158844, 0.005883310269309768, 0.1162146988348115, 0.0004018931195176178, 0.10241778199871085, 0.029633261537009247, 0.02484400704034265, 0.050714347049043325, 0.0002817331799188519, 0.0015638662551381356, 0.00029188188033333], [0.012745134722946529, 0.0035995112143541548, 0.002248686484712843, 0.04334246663135066, 0.026461849446257405, 0.332332471582064, 0.018059491337143376, 0.5617125488623161, 0.053519637522482205, 0.44194309635049517, 0.007117270829145371, 0.6738293120337555, 0.058494294859988104, 0.3510685747037443, 0.0061247510952534895, 1.0, 0.1062984755247117, 0.17064474652534067, 0.004235355750662323, 0.4299705438722119, 0.07282105484585005, 0.2339549978145281, 0.028283314733582487, 0.7517836299222233, 0.032314659196081945, 0.0345739166385158, 0.05694013677912508, 0.0021709438044148037, 0.016957788805528694, 0.017097092059727374, 0.0003315934863433803, 0.0022475702498029326, 0.0002958352016553428, 8.361344740900176e-05, 0.0019103616336658645, 1.615206680393569e-05, 0.005540723214812606, 0.0011310874800546432, 0.0004421319105031435, 0.007399408595567553, 0.0005297247070332994, 0.0031174675489327435, 0.05592430850611902, 0.012905952789939517, 0.03223715738044326, 0.034547958067161016, 0.02659841970881544, 0.012204527325537652, 0.000585341850249203, 0.03150481242385267, 0.01030892354015972, 0.0681367782882289, 0.006636978682734539, 0.06677252780613788, 0.02285693163875229, 0.035884652830740535, 0.07797023941436879, 0.025741488044794612, 0.03593612035658294, 0.12429837867803559], [0.059917824477601404, 0.017278234552806335, 0.025187494993130367, 0.03317604345867456, 0.26773403877935903, 0.022170316576063002, 0.08068546073532197, 0.17192340701274084, 0.3602730088278571, 0.0306014563821946, 0.07263828157629418, 0.1362383134186047, 0.006187404687855879, 0.13282833201633942, 0.23531243401985902, 0.1062984755247117, 1.0, 0.2166493042261729, 0.09607001724605521, 0.06210062484772672, 0.34141351056907077, 0.011043274271606097, 0.07399423787779268, 0.1208831674944436, 0.05670699397755576, 0.08377559100461754, 0.14952413461545971, 0.04943634354030765, 0.08067502663911895, 0.08101470408821423, 0.013185941867290739, 0.00747731511517018, 0.007505384293098696, 0.0016882332171933385, 0.0018567023772440266, 0.006395421741739633, 0.015596801826553493, 0.04342200788646904, 0.019474216831026337, 0.00558916719157073, 0.0028836806537477127, 0.0007501252206030257, 0.011432414416734569, 0.00020378030639741054, 0.012950179037218483, 0.014119274192867196, 0.014808479739165938, 4.2379510369014325e-06, 0.008584844516996424, 0.013519358510113029, 0.005161785974735704, 0.04467381841295495, 0.0009941588340600391, 0.03981420390606997, 0.015406368461036326, 0.018906327032091327, 0.03392310538850655, 0.0071787621286563165, 0.005368051563147318, 0.015688232122900308], [0.003307660804886948, 0.05263442775410852, 0.0296055143179833, 0.21159128421339424, 0.0004927901040923073, 0.29074175597109486, 0.03831186023249893, 0.10724594172536969, 0.004884235202391368, 0.270200168266739, 0.011804613652191445, 0.12599155951205274, 0.1620941403948196, 0.05245041832339552, 0.08453821533056345, 0.17064474652534067, 0.2166493042261729, 1.0, 0.08359680467317558, 0.19994155683635118, 0.009686427898959127, 0.3637336931031873, 0.015822324338803814, 0.1637257791266402, 0.09100673397454212, 0.12330019084663078, 0.12462829454757407, 0.046907951563162895, 0.08038605933754712, 0.08159603756385414, 0.023181291580042947, 0.004115516957678241, 0.024334997374791414, 0.024863246389683253, 0.0094207526740058, 0.018744991501943222, 0.011533480186725432, 0.004247747258999218, 0.0028339822329482563, 0.004314660744157876, 0.017341680461730857, 0.0008133690975551417, 0.1259321685516227, 0.0969419213232942, 0.15471547800427407, 0.14970745555710357, 0.06539383009054853, 0.09225722777017242, 0.02108580358177585, 0.14750800867282893, 0.09284266112519768, 0.18497718920331707, 0.08037192339657756, 0.17896254814114426, 0.07376205175348106, 0.08244304997333081, 0.1534335449808943, 0.03570229496373135, 0.035105573149675745, 0.09391390909759008], [0.000614601781441635, 4.1965235940016326e-05, 0.007540026746915354, 0.07569304712702823, 0.006276960605173388, 0.007730068312969035, 0.2803497454892752, 0.022883911121908292, 0.009485933125726497, 0.008545827000487642, 0.32853234016868704, 0.01826891953894967, 0.008443113314039586, 0.013825500672201467, 0.4911238614480868, 0.004235355750662323, 0.09607001724605521, 0.08359680467317558, 1.0, 2.2426618283234026e-07, 0.017644763940243568, 0.011193596172551076, 0.33738692291782546, 0.013486424842945963, 0.030240755854627193, 0.04083593366646265, 0.05872198769491147, 0.03907383691687557, 0.05074047654459985, 0.052255883159147365, 0.015520976169714512, 0.032314841854265454, 0.006625728137353767, 0.0006542670868814508, 4.0453215508309915e-05, 0.00014460731709589047, 0.04516752840298855, 0.009621735192941605, 0.0038046818830581195, 0.006290092028433215, 0.023238258263952656, 0.00035738883019600985, 0.05079034371363559, 0.022628344331014637, 0.0753992709997377, 0.06872134731730195, 0.007162724163694672, 0.02719775384890642, 0.0009598223760355529, 0.07907151084124445, 0.021692362184481936, 0.14379941555261966, 0.013754156512879982, 0.1393799152594475, 0.02668661464955068, 0.022087864294131416, 0.0581374928036757, 0.0026321801670826667, 9.952729932020869e-05, 0.0031446154795681893], [0.021920564167646657, 0.0032833342401417105, 0.0008327497655676982, 0.041255779283637606, 0.0056287679808256575, 0.36456942172570006, 0.0012061219395061175, 0.3208878806133083, 0.01802699467193164, 0.4147347630739831, 0.0006161403877805586, 0.38755648375608437, 0.1076625214191624, 0.19712259323922465, 0.0009622697723756575, 0.4299705438722119, 0.06210062484772672, 0.19994155683635118, 2.2426618283234026e-07, 1.0, 0.021595996575575524, 0.2819915206654042, 0.021852407565008048, 0.47039306118536434, 0.010060556601550195, 0.01156974316739589, 0.021594968038081325, 0.00814609785468628, 0.010627130074392253, 0.01036800948362872, 0.0022534423545278463, 0.011495578830363623, 0.0020266925161499024, 0.001769112489807774, 0.005349244009008, 0.004619633683483362, 0.023627336915932298, 0.015430092982706686, 0.009492834406435904, 0.011318570100370844, 0.006440743970533535, 0.0061499791120071074, 0.027742347854296013, 0.006442373049384741, 0.03222810325495607, 0.020655296792083385, 0.006969690306219901, 0.006958561735496731, 0.00028165231439301446, 0.021226726636055772, 0.0015380166579696567, 0.056218486511504524, 0.0005281870294147484, 0.0549353157403202, 0.00801575010972494, 0.014075150232117495, 0.04422688601995563, 0.032419310838700435, 0.03662793477082869, 0.11457253311762798], [0.2025602822161727, 0.18727743129304475, 0.14753431389260194, 0.013138400781371002, 0.7394465037387382, 0.006174172621087006, 0.10344847430641119, 0.16099225712745274, 0.7737695755456732, 0.010989805749179137, 0.07924066004705184, 0.11315398412133278, 0.03235076999832049, 0.2094637913419731, 0.08474177827858428, 0.07282105484585005, 0.34141351056907077, 0.009686427898959127, 0.017644763940243568, 0.021595996575575524, 1.0, 3.366287941554717e-07, 0.08029887923350063, 0.08648838692519797, 0.0019005071839945855, 0.011811337792934092, 0.05761286584406765, 0.005470410564653014, 0.016271228555006557, 0.015189808443940706, 0.14112773284865102, 0.10710594211194854, 0.017675531471330577, 0.09215486884745056, 0.09007631124267976, 0.03446581736908078, 0.0015579256838700998, 0.003860204385441502, 0.002119072483379453, 0.14206684068653483, 0.10225906758772207, 0.026516313813974162, 0.008133829471538652, 0.03054211905818222, 0.028604133654485414, 0.01811754503441193, 9.414548335065326e-05, 0.02824421591150644, 0.06156254787766425, 0.01899752781593428, 0.030089297952625636, 2.800686957657014e-05, 0.04709765292468588, 0.0003074044936534872, 3.198866899211458e-05, 1.722512855578926e-08, 0.00047471960608978407, 0.007099319500719907, 0.005577686427023465, 0.0035385821595284115], [0.00081689875451545, 0.025823045570912133, 0.03574483893973609, 0.131679476258714, 0.008905780178209628, 0.6880391861622408, 0.010502955938037316, 0.13581298337991146, 0.0013504566846116667, 0.6112426936138339, 0.0014059122689584632, 0.159931810426766, 0.24978674200065623, 0.07679329278213386, 0.0014860577225751586, 0.2339549978145281, 0.011043274271606097, 0.3637336931031873, 0.011193596172551076, 0.2819915206654042, 3.366287941554717e-07, 1.0, 0.007396915951843872, 0.22969744215105065, 0.04684200576503592, 0.06902718655523736, 0.055087853855039455, 0.0067336345671746714, 0.027889691989056525, 0.027809062904687303, 0.0003396453785917372, 0.007075766018735617, 4.4194560458361894e-05, 0.0005642765843366351, 0.007911285081403091, 0.007250324426042631, 0.04988990746832503, 0.011471670130129997, 0.012574108664649314, 0.007848841082881888, 0.00025386854185376, 0.021396178775280585, 0.13312309358963095, 0.10821909955750375, 0.09328201056509952, 0.08156548607763449, 0.06482190609402659, 0.10675795617410169, 0.011728450487396569, 0.08458841297270987, 0.049099102822661646, 0.1276250561444747, 0.041545861579908236, 0.11684445944411583, 0.07503460157590176, 0.08700582861912283, 0.17600096859813916, 0.00873094840413041, 0.011714681921325689, 0.05386965558271469], [0.06112547511046917, 0.08847826566317385, 0.020912443032058952, 1.5275846745725263e-07, 0.06635606990540029, 0.014949712503507106, 0.283075917387511, 0.10209186011581081, 0.10020652929740974, 0.01538705297590936, 0.30738128059030256, 0.10285938946014124, 0.0005332739946074962, 0.08899667358744734, 0.4054588724847029, 0.028283314733582487, 0.07399423787779268, 0.015822324338803814, 0.33738692291782546, 0.021852407565008048, 0.08029887923350063, 0.007396915951843872, 1.0, 0.11096683484030022, 0.0019193638807498902, 0.011474750515589867, 0.022916904816953795, 0.009462980039178684, 0.01379602781211456, 0.014209035598751009, 0.029922779724824638, 0.0018249987049829752, 0.061775475917348256, 0.09083044181601926, 0.07757038095308674, 0.09529834319373534, 0.039512650270646474, 0.006848250461696652, 0.039734068943384535, 0.013206987724814183, 0.01018783057426673, 0.0024137963957479277, 0.005903186350736994, 0.005860382692386579, 0.00045870403424612844, 0.0011275478389430806, 0.017271147701544913, 0.0007811609540333813, 0.09702940817369626, 0.00018144051052692284, 0.017419587978702432, 0.04675486339860278, 0.030079862211999275, 0.03654564922456236, 0.0007308623940314167, 0.0014749381643024632, 0.0038487977442717316, 0.018404850227437923, 0.026838787261057453, 0.011467133535564394], [0.05063418945220588, 0.02531635550405637, 0.011839173260843189, 0.0198763686546754, 0.047629136032036494, 0.32393835153926026, 0.051325204317006864, 0.6892270746347938, 0.08060460405363498, 0.41797242748739305, 0.03184546487024975, 0.8561825363656326, 0.07267381020502833, 0.4117978595427569, 0.016875318002698418, 0.7517836299222233, 0.1208831674944436, 0.1637257791266402, 0.013486424842945963, 0.47039306118536434, 0.08648838692519797, 0.22969744215105065, 0.11096683484030022, 1.0, 0.022743477039662553, 0.023640322749487262, 0.04605634666119397, 0.0047660850820074475, 0.013948369692802685, 0.01388370616800963, 0.02019879634025007, 0.033584933941545096, 0.016307503341962033, 0.02908939117074911, 0.038159624933174006, 0.014916339735733268, 0.0033767221910582105, 0.010590961608123, 0.021838667821038507, 0.03030448017340773, 0.02374226290044262, 0.004512925893145239, 0.0383893097218654, 0.0037348094466055086, 0.014105801841768533, 0.009793865045796678, 0.016437630713035913, 0.005230292393952582, 0.00763069526351529, 0.00904006935775579, 0.00018146907630598805, 0.05646229915749915, 0.0004013055146121888, 0.048098825841454675, 0.025233728004469852, 0.03726918158785572, 0.08928718918065479, 0.017030242137227723, 0.024309257034273304, 0.08095005032945397], [0.002796665253268831, 0.03223165597751427, 0.04381031633923018, 0.06102265647918648, 0.0012829879046133183, 0.0805235619976023, 0.053434238890953605, 0.043986748908835194, 0.00736356499602411, 0.0762944507156556, 0.02055675073590201, 0.032243916588771654, 0.04062816563387635, 0.036944442899553474, 0.024224276192546534, 0.032314659196081945, 0.05670699397755576, 0.09100673397454212, 0.030240755854627193, 0.010060556601550195, 0.0019005071839945855, 0.04684200576503592, 0.0019193638807498902, 0.022743477039662553, 1.0, 0.635645059911033, 0.5750760274246143, 0.2369196871620679, 0.6044875947888548, 0.6115557379983002, 0.006422457410207868, 0.005486847351212254, 0.01739950960948476, 0.0021464116107003245, 0.00020759855799040548, 0.017929614583898842, 0.0005739674115194773, 1.5008313837438867e-06, 0.0010482158087357241, 0.007784204009287711, 0.004260365536073307, 0.021084928073252227, 0.049013778003093485, 0.05175543218920829, 0.08421338185662078, 0.0867333575721775, 0.12098533189353755, 0.043113562559692536, 0.06259191917020883, 0.07896270427258166, 0.1567346242978665, 0.0637602525488701, 0.14766911911538494, 0.0598355870963291, 0.03309680488366877, 0.04324814899348027, 0.08205238502450168, 0.023405112253299873, 0.02908480826593343, 0.04804199289063863], [0.004324972291927488, 0.0194273926455989, 0.049886624418713374, 0.08655051603644522, 0.012023319675071155, 0.11312714310462446, 0.06891796317376528, 0.04152819558752496, 0.02599616099438013, 0.10131530353840189, 0.024864031903882602, 0.027082975908999527, 0.00999008562969847, 0.05585036257995536, 0.04427487411509731, 0.0345739166385158, 0.08377559100461754, 0.12330019084663078, 0.04083593366646265, 0.01156974316739589, 0.011811337792934092, 0.06902718655523736, 0.011474750515589867, 0.023640322749487262, 0.635645059911033, 1.0, 0.7305973991841449, 0.3064594847593644, 0.7056849391834553, 0.7077993744174598, 0.008824503651895731, 0.010133193845722283, 0.009552551466279197, 0.0021831805748856207, 2.2794959992305504e-05, 0.006927877267198543, 0.016088098590140758, 0.014326009830795237, 0.00045477536111601186, 0.014018962025183875, 0.008786564603130743, 0.025332970578056946, 0.034458731678154074, 0.04683324614974093, 0.07973924168992612, 0.09628911753364945, 0.12648120802452045, 0.043062752891908244, 0.05897554836810722, 0.09273122031263867, 0.15973980183456288, 0.08796586743748744, 0.1456486693995753, 0.08252621216391219, 0.03770796137459075, 0.044961578995229824, 0.08408855928768598, 0.017595239910824397, 0.020236702437788395, 0.04864605162857077], [0.0016157745238228188, 0.000924081915482729, 0.01199988410293105, 0.07242789754492503, 0.045629516957814836, 0.0905224001851168, 0.11236693703087691, 0.07253613445370072, 0.08543884602514727, 0.10263828701635626, 0.06319069180295338, 0.05868742774716132, 0.005622047843165771, 0.09289137664833907, 0.06787700070743619, 0.05694013677912508, 0.14952413461545971, 0.12462829454757407, 0.05872198769491147, 0.021594968038081325, 0.05761286584406765, 0.055087853855039455, 0.022916904816953795, 0.04605634666119397, 0.5750760274246143, 0.7305973991841449, 1.0, 0.35864084267226837, 0.7047876499845018, 0.702633791637111, 0.0007897184343000158, 0.00022802865862832377, 0.00413734073074848, 0.0012828328173952557, 0.0045586601610120405, 0.0024270654058392294, 0.010050061377590017, 0.011302536476038377, 0.00013065444174285016, 1.515304014204895e-06, 4.1038300496318145e-05, 0.01695297659474053, 0.01589958905158778, 0.015925127869892804, 0.05286023629403416, 0.058868072862467744, 0.0793426910736332, 0.014899479693444819, 0.019135518268437818, 0.05670903232436512, 0.09515873536689891, 0.0719702649671529, 0.08046104215100097, 0.06776564594394563, 0.02844941116812977, 0.03593908454116502, 0.06740090336167728, 0.014739209720205674, 0.016504059796282586, 0.03892784911599524], [0.011811880262003782, 0.03328304086463764, 0.03736815733805674, 0.08102179377960789, 0.002775138100112754, 0.028764637360532714, 0.02833405733949056, 0.004839712507551417, 0.015587516678126996, 0.026661519794693313, 0.00789800949240247, 0.004303923778332815, 0.0004922920315343438, 0.02659358917394813, 0.028482405430740963, 0.0021709438044148037, 0.04943634354030765, 0.046907951563162895, 0.03907383691687557, 0.00814609785468628, 0.005470410564653014, 0.0067336345671746714, 0.009462980039178684, 0.0047660850820074475, 0.2369196871620679, 0.3064594847593644, 0.35864084267226837, 1.0, 0.4257416534473491, 0.42497025790113335, 0.021442640870152515, 0.013737506339734367, 0.009457963696508014, 0.022831191594633198, 0.012579768155044909, 0.013416922808201948, 9.31759795220847e-07, 0.00028935279503582514, 0.0005600993315309838, 0.01852350703671872, 0.015521153575551873, 0.012861209480751423, 0.006035075214143537, 0.020009215652126638, 0.08752132205706195, 0.07931044904477079, 0.03332654060871946, 0.024174107923930984, 0.025255784601879293, 0.08418916195773692, 0.10062928521918008, 0.07796978970383114, 0.09112401456479395, 0.08181710884328934, 0.0002041948272944115, 0.0008469108726102351, 0.008364315302245243, 0.006313231127968743, 0.0040483100147852245, 0.027040233773590557], [0.002753018433268759, 0.018784453388442715, 0.03712794215099866, 0.08767477927079449, 0.011503364386940293, 0.061152918543021316, 0.0826261542545566, 0.026667416942808747, 0.03307205692028409, 0.07155445678672202, 0.03184238331451834, 0.017669640973114097, 0.0041245896454540675, 0.04730958039488427, 0.0581717619370314, 0.016957788805528694, 0.08067502663911895, 0.08038605933754712, 0.05074047654459985, 0.010627130074392253, 0.016271228555006557, 0.027889691989056525, 0.01379602781211456, 0.013948369692802685, 0.6044875947888548, 0.7056849391834553, 0.7047876499845018, 0.4257416534473491, 1.0, 0.9955509047054203, 0.0033541982823761243, 0.0037031558747332065, 0.005153586456216409, 0.0017183941018954838, 0.00034732051361515234, 0.013259411295734465, 0.007062878383806084, 0.0032903620579271147, 0.00025735831958490635, 0.014236314095823767, 0.005023418085286532, 0.013432964623796843, 0.02219430405395503, 0.03518236377771379, 0.08934322311013494, 0.09644082090509748, 0.09155091306457563, 0.03605915114855314, 0.0446743403819445, 0.09305916302993437, 0.12457808060747794, 0.10000481856875094, 0.11078545162379111, 0.0977712881261712, 0.014924096540986174, 0.01899652605144774, 0.050920125061900585, 0.015475213286016098, 0.014132259796984126, 0.0415487578616998], [0.0030592030420280294, 0.02079812283606041, 0.03795492784435587, 0.09055612554533325, 0.010661743326515783, 0.06057803756023611, 0.08329655558024356, 0.026702245983185744, 0.031173525126415445, 0.0689578463350912, 0.03248489029123978, 0.01756002548